1.66716e-13	-0.000113355
5.00147e-13	-0.00011519
8.33578e-13	-0.000117036
1.16701e-12	-0.000118892
1.50044e-12	-0.000120758
1.83387e-12	-0.000122634
2.1673e-12	-0.000124518
2.50073e-12	-0.00012641
2.83416e-12	-0.00012831
3.1676e-12	-0.000130216
3.50103e-12	-0.000132128
3.83446e-12	-0.000134045
4.16789e-12	-0.000135966
4.50132e-12	-0.00013789
4.83475e-12	-0.000139816
5.16818e-12	-0.000141744
5.50161e-12	-0.000143671
5.83505e-12	-0.000145599
6.16848e-12	-0.000147524
6.50191e-12	-0.000149447
6.83534e-12	-0.000151365
7.16877e-12	-0.000153279
7.5022e-12	-0.000155186
7.83563e-12	-0.000157085
8.16906e-12	-0.000158975
8.50249e-12	-0.000160854
8.83593e-12	-0.000162722
9.16936e-12	-0.000164576
9.50279e-12	-0.000166416
9.83622e-12	-0.000168239
1.01697e-11	-0.000170044
1.05031e-11	-0.000171829
1.08365e-11	-0.000173594
1.11699e-11	-0.000175334
1.15034e-11	-0.00017705
1.18368e-11	-0.000178739
1.21702e-11	-0.0001804
1.25037e-11	-0.000182029
1.28371e-11	-0.000183626
1.31705e-11	-0.000185188
1.3504e-11	-0.000186712
1.38374e-11	-0.000188197
1.41708e-11	-0.000189641
1.45043e-11	-0.000191041
1.48377e-11	-0.000192394
1.51711e-11	-0.000193698
1.55045e-11	-0.000194951
1.5838e-11	-0.000196149
1.61714e-11	-0.000197291
1.65048e-11	-0.000198373
1.68383e-11	-0.000199393
1.71717e-11	-0.000200348
1.75051e-11	-0.000201234
1.78386e-11	-0.000202049
1.8172e-11	-0.000202789
1.85054e-11	-0.000203452
1.88389e-11	-0.000204033
1.91723e-11	-0.00020453
1.95057e-11	-0.00020494
1.98392e-11	-0.000205258
2.01726e-11	-0.00020548
2.0506e-11	-0.000205605
2.08394e-11	-0.000205626
2.11729e-11	-0.000205542
2.15063e-11	-0.000205347
2.18397e-11	-0.000205037
2.21732e-11	-0.000204609
2.25066e-11	-0.000204059
2.284e-11	-0.000203381
2.31735e-11	-0.000202571
2.35069e-11	-0.000201626
2.38403e-11	-0.00020054
2.41738e-11	-0.000199308
2.45072e-11	-0.000197927
2.48406e-11	-0.00019639
2.51741e-11	-0.000194693
2.55075e-11	-0.000192831
2.58409e-11	-0.000190799
2.61743e-11	-0.000188591
2.65078e-11	-0.000186202
2.68412e-11	-0.000183626
2.71746e-11	-0.000180858
2.75081e-11	-0.000177892
2.78415e-11	-0.000174722
2.81749e-11	-0.000171343
2.85084e-11	-0.000167747
2.88418e-11	-0.00016393
2.91752e-11	-0.000159884
2.95087e-11	-0.000155603
2.98421e-11	-0.000151081
3.01755e-11	-0.000146312
3.0509e-11	-0.000141288
3.08424e-11	-0.000136002
3.11758e-11	-0.000130448
3.15092e-11	-0.000124619
3.18427e-11	-0.000118507
3.21761e-11	-0.000112105
3.25095e-11	-0.000105406
3.2843e-11	-9.84014e-05
3.31764e-11	-9.10844e-05
3.35098e-11	-8.34469e-05
3.38433e-11	-7.54811e-05
3.41767e-11	-6.71789e-05
3.45101e-11	-5.85321e-05
3.48436e-11	-4.95325e-05
3.5177e-11	-4.01716e-05
3.55104e-11	-3.0441e-05
3.58439e-11	-2.03319e-05
3.61773e-11	-9.83565e-06
3.65107e-11	1.05667e-06
3.68441e-11	1.23541e-05
3.71776e-11	2.40657e-05
3.7511e-11	3.62008e-05
3.78444e-11	4.87688e-05
3.81779e-11	6.17792e-05
3.85113e-11	7.52415e-05
3.88447e-11	8.91656e-05
3.91782e-11	0.000103561
3.95116e-11	0.000118439
3.9845e-11	0.000133808
4.01785e-11	0.000149678
4.05119e-11	0.000166062
4.08453e-11	0.000182968
4.11787e-11	0.000200407
4.15122e-11	0.00021839
4.18456e-11	0.000236928
4.2179e-11	0.000256032
4.25125e-11	0.000275712
4.28459e-11	0.000295981
4.31793e-11	0.000316849
4.35128e-11	0.000338327
4.38462e-11	0.000360428
4.41796e-11	0.000383162
4.45131e-11	0.000406541
4.48465e-11	0.000430578
4.51799e-11	0.000455283
4.55134e-11	0.00048067
4.58468e-11	0.00050675
4.61802e-11	0.000533535
4.65136e-11	0.000561037
4.68471e-11	0.00058927
4.71805e-11	0.000618245
4.75139e-11	0.000647976
4.78474e-11	0.000678473
4.81808e-11	0.000709752
4.85142e-11	0.000741823
4.88477e-11	0.000774701
4.91811e-11	0.000808397
4.95145e-11	0.000842926
4.9848e-11	0.000878299
5.01814e-11	0.000914531
5.05148e-11	0.000951634
5.08483e-11	0.000989622
5.11817e-11	0.00102851
5.15151e-11	0.00106831
5.18485e-11	0.00110903
5.2182e-11	0.00115069
5.25154e-11	0.0011933
5.28488e-11	0.00123688
5.31823e-11	0.00128143
5.35157e-11	0.00132698
5.38491e-11	0.00137354
5.41826e-11	0.00142111
5.4516e-11	0.00146972
5.48494e-11	0.00151937
5.51829e-11	0.00157009
5.55163e-11	0.00162187
5.58497e-11	0.00167475
5.61832e-11	0.00172873
5.65166e-11	0.00178382
5.685e-11	0.00184004
5.71834e-11	0.0018974
5.75169e-11	0.00195591
5.78503e-11	0.0020156
5.81837e-11	0.00207646
5.85172e-11	0.00213853
5.88506e-11	0.0022018
5.9184e-11	0.00226629
5.95175e-11	0.00233201
5.98509e-11	0.00239898
6.01843e-11	0.00246721
6.05178e-11	0.00253672
6.08512e-11	0.00260751
6.11846e-11	0.0026796
6.15181e-11	0.002753
6.18515e-11	0.00282772
6.21849e-11	0.00290377
6.25183e-11	0.00298117
6.28518e-11	0.00305993
6.31852e-11	0.00314006
6.35186e-11	0.00322157
6.38521e-11	0.00330447
6.41855e-11	0.00338878
6.45189e-11	0.0034745
6.48524e-11	0.00356164
6.51858e-11	0.00365022
6.55192e-11	0.00374024
6.58527e-11	0.00383172
6.61861e-11	0.00392466
6.65195e-11	0.00401908
6.68529e-11	0.00411497
6.71864e-11	0.00421236
6.75198e-11	0.00431125
6.78532e-11	0.00441164
6.81867e-11	0.00451355
6.85201e-11	0.00461698
6.88535e-11	0.00472195
6.9187e-11	0.00482844
6.95204e-11	0.00493648
6.98538e-11	0.00504607
7.01873e-11	0.00515721
7.05207e-11	0.00526991
7.08541e-11	0.00538418
7.11876e-11	0.00550001
7.1521e-11	0.00561741
7.18544e-11	0.00573638
7.21878e-11	0.00585694
7.25213e-11	0.00597907
7.28547e-11	0.00610278
7.31881e-11	0.00622808
7.35216e-11	0.00635496
7.3855e-11	0.00648342
7.41884e-11	0.00661346
7.45219e-11	0.00674509
7.48553e-11	0.00687829
7.51887e-11	0.00701307
7.55222e-11	0.00714943
7.58556e-11	0.00728736
7.6189e-11	0.00742685
7.65225e-11	0.00756791
7.68559e-11	0.00771052
7.71893e-11	0.00785469
7.75227e-11	0.00800039
7.78562e-11	0.00814763
7.81896e-11	0.0082964
7.8523e-11	0.00844669
7.88565e-11	0.00859848
7.91899e-11	0.00875177
7.95233e-11	0.00890655
7.98568e-11	0.0090628
8.01902e-11	0.00922051
8.05236e-11	0.00937966
8.08571e-11	0.00954024
8.11905e-11	0.00970224
8.15239e-11	0.00986563
8.18574e-11	0.0100304
8.21908e-11	0.0101965
8.25242e-11	0.010364
8.28576e-11	0.0105328
8.31911e-11	0.0107029
8.35245e-11	0.0108743
8.38579e-11	0.0110469
8.41914e-11	0.0112207
8.45248e-11	0.0113958
8.48582e-11	0.011572
8.51917e-11	0.0117494
8.55251e-11	0.0119279
8.58585e-11	0.0121074
8.6192e-11	0.0122881
8.65254e-11	0.0124697
8.68588e-11	0.0126523
8.71923e-11	0.0128359
8.75257e-11	0.0130204
8.78591e-11	0.0132058
8.81925e-11	0.0133921
8.8526e-11	0.0135791
8.88594e-11	0.0137669
8.91928e-11	0.0139554
8.95263e-11	0.0141445
8.98597e-11	0.0143343
9.01931e-11	0.0145247
9.05266e-11	0.0147156
9.086e-11	0.014907
9.11934e-11	0.0150989
9.15269e-11	0.0152911
9.18603e-11	0.0154836
9.21937e-11	0.0156764
9.25271e-11	0.0158695
9.28606e-11	0.0160627
9.3194e-11	0.0162559
9.35274e-11	0.0164493
9.38609e-11	0.0166425
9.41943e-11	0.0168357
9.45277e-11	0.0170288
9.48612e-11	0.0172216
9.51946e-11	0.0174142
9.5528e-11	0.0176063
9.58615e-11	0.0177981
9.61949e-11	0.0179893
9.65283e-11	0.0181799
9.68618e-11	0.0183699
9.71952e-11	0.0185592
9.75286e-11	0.0187476
9.7862e-11	0.0189352
9.81955e-11	0.0191217
9.85289e-11	0.0193072
9.88623e-11	0.0194916
9.91958e-11	0.0196747
9.95292e-11	0.0198564
9.98626e-11	0.0200368
1.00196e-10	0.0202156
1.00529e-10	0.0203928
1.00863e-10	0.0205683
1.01196e-10	0.020742
1.0153e-10	0.0209138
1.01863e-10	0.0210836
1.02197e-10	0.0212512
1.0253e-10	0.0214167
1.02864e-10	0.0215798
1.03197e-10	0.0217405
1.0353e-10	0.0218986
1.03864e-10	0.0220541
1.04197e-10	0.0222068
1.04531e-10	0.0223566
1.04864e-10	0.0225034
1.05198e-10	0.022647
1.05531e-10	0.0227874
1.05864e-10	0.0229245
1.06198e-10	0.023058
1.06531e-10	0.0231879
1.06865e-10	0.0233141
1.07198e-10	0.0234364
1.07532e-10	0.0235546
1.07865e-10	0.0236687
1.08198e-10	0.0237785
1.08532e-10	0.0238839
1.08865e-10	0.0239848
1.09199e-10	0.0240809
1.09532e-10	0.0241722
1.09866e-10	0.0242584
1.10199e-10	0.0243396
1.10532e-10	0.0244155
1.10866e-10	0.0244859
1.11199e-10	0.0245507
1.11533e-10	0.0246098
1.11866e-10	0.0246631
1.122e-10	0.0247102
1.12533e-10	0.0247512
1.12866e-10	0.0247858
1.132e-10	0.0248139
1.13533e-10	0.0248353
1.13867e-10	0.0248498
1.142e-10	0.0248574
1.14534e-10	0.0248577
1.14867e-10	0.0248507
1.152e-10	0.0248362
1.15534e-10	0.024814
1.15867e-10	0.024784
1.16201e-10	0.0247459
1.16534e-10	0.0246996
1.16868e-10	0.024645
1.17201e-10	0.0245817
1.17534e-10	0.0245098
1.17868e-10	0.0244289
1.18201e-10	0.0243389
1.18535e-10	0.0242397
1.18868e-10	0.0241309
1.19202e-10	0.0240126
1.19535e-10	0.0238844
1.19869e-10	0.0237462
1.20202e-10	0.0235978
1.20535e-10	0.023439
1.20869e-10	0.0232696
1.21202e-10	0.0230895
1.21536e-10	0.0228984
1.21869e-10	0.0226962
1.22203e-10	0.0224826
1.22536e-10	0.0222575
1.22869e-10	0.0220207
1.23203e-10	0.0217719
1.23536e-10	0.0215111
1.2387e-10	0.0212379
1.24203e-10	0.0209523
1.24537e-10	0.0206539
1.2487e-10	0.0203427
1.25203e-10	0.0200184
1.25537e-10	0.0196809
1.2587e-10	0.0193298
1.26204e-10	0.0189651
1.26537e-10	0.0185865
1.26871e-10	0.0181939
1.27204e-10	0.017787
1.27537e-10	0.0173657
1.27871e-10	0.0169298
1.28204e-10	0.016479
1.28538e-10	0.0160132
1.28871e-10	0.0155321
1.29205e-10	0.0150357
1.29538e-10	0.0145236
1.29871e-10	0.0139958
1.30205e-10	0.013452
1.30538e-10	0.012892
1.30872e-10	0.0123156
1.31205e-10	0.0117227
1.31539e-10	0.011113
1.31872e-10	0.0104864
1.32205e-10	0.00984274
1.32539e-10	0.00918175
1.32872e-10	0.0085033
1.33206e-10	0.00780719
1.33539e-10	0.00709325
1.33873e-10	0.0063613
1.34206e-10	0.00561117
1.34539e-10	0.00484268
1.34873e-10	0.00405565
1.35206e-10	0.00324993
1.3554e-10	0.00242534
1.35873e-10	0.00158171
1.36207e-10	0.000718892
1.3654e-10	-0.00016329
1.36873e-10	-0.00106499
1.37207e-10	-0.00198636
1.3754e-10	-0.00292756
1.37874e-10	-0.00388875
1.38207e-10	-0.00487006
1.38541e-10	-0.00587164
1.38874e-10	-0.00689364
1.39208e-10	-0.0079362
1.39541e-10	-0.00899945
1.39874e-10	-0.0100835
1.40208e-10	-0.0111886
1.40541e-10	-0.0123147
1.40875e-10	-0.013462
1.41208e-10	-0.0146307
1.41542e-10	-0.0158208
1.41875e-10	-0.0170324
1.42208e-10	-0.0182658
1.42542e-10	-0.0195209
1.42875e-10	-0.0207978
1.43209e-10	-0.0220968
1.43542e-10	-0.0234178
1.43876e-10	-0.0247609
1.44209e-10	-0.0261263
1.44542e-10	-0.027514
1.44876e-10	-0.028924
1.45209e-10	-0.0303566
1.45543e-10	-0.0318116
1.45876e-10	-0.0332892
1.4621e-10	-0.0347895
1.46543e-10	-0.0363124
1.46876e-10	-0.0378581
1.4721e-10	-0.0394266
1.47543e-10	-0.0410178
1.47877e-10	-0.0426319
1.4821e-10	-0.0442688
1.48544e-10	-0.0459286
1.48877e-10	-0.0476113
1.4921e-10	-0.0493169
1.49544e-10	-0.0510453
1.49877e-10	-0.0527967
1.50211e-10	-0.0545709
1.50544e-10	-0.0563679
1.50878e-10	-0.0581878
1.51211e-10	-0.0600305
1.51544e-10	-0.061896
1.51878e-10	-0.0637841
1.52211e-10	-0.0656949
1.52545e-10	-0.0676283
1.52878e-10	-0.0695843
1.53212e-10	-0.0715627
1.53545e-10	-0.0735635
1.53878e-10	-0.0755866
1.54212e-10	-0.0776319
1.54545e-10	-0.0796993
1.54879e-10	-0.0817887
1.55212e-10	-0.0839
1.55546e-10	-0.086033
1.55879e-10	-0.0881877
1.56213e-10	-0.0903639
1.56546e-10	-0.0925614
1.56879e-10	-0.0947801
1.57213e-10	-0.0970199
1.57546e-10	-0.0992805
1.5788e-10	-0.101562
1.58213e-10	-0.103864
1.58547e-10	-0.106186
1.5888e-10	-0.108528
1.59213e-10	-0.11089
1.59547e-10	-0.113272
1.5988e-10	-0.115673
1.60214e-10	-0.118093
1.60547e-10	-0.120533
1.60881e-10	-0.122991
1.61214e-10	-0.125467
1.61547e-10	-0.127962
1.61881e-10	-0.130475
1.62214e-10	-0.133005
1.62548e-10	-0.135553
1.62881e-10	-0.138117
1.63215e-10	-0.140698
1.63548e-10	-0.143296
1.63881e-10	-0.14591
1.64215e-10	-0.148539
1.64548e-10	-0.151184
1.64882e-10	-0.153844
1.65215e-10	-0.156518
1.65549e-10	-0.159207
1.65882e-10	-0.16191
1.66215e-10	-0.164626
1.66549e-10	-0.167355
1.66882e-10	-0.170097
1.67216e-10	-0.172851
1.67549e-10	-0.175617
1.67883e-10	-0.178394
1.68216e-10	-0.181182
1.68549e-10	-0.183981
1.68883e-10	-0.18679
1.69216e-10	-0.189608
1.6955e-10	-0.192435
1.69883e-10	-0.195271
1.70217e-10	-0.198115
1.7055e-10	-0.200966
1.70883e-10	-0.203824
1.71217e-10	-0.206689
1.7155e-10	-0.20956
1.71884e-10	-0.212436
1.72217e-10	-0.215317
1.72551e-10	-0.218202
1.72884e-10	-0.221091
1.73217e-10	-0.223984
1.73551e-10	-0.226878
1.73884e-10	-0.229775
1.74218e-10	-0.232673
1.74551e-10	-0.235571
1.74885e-10	-0.23847
1.75218e-10	-0.241368
1.75552e-10	-0.244265
1.75885e-10	-0.24716
1.76218e-10	-0.250052
1.76552e-10	-0.252942
1.76885e-10	-0.255827
1.77219e-10	-0.258708
1.77552e-10	-0.261584
1.77886e-10	-0.264454
1.78219e-10	-0.267317
1.78552e-10	-0.270173
1.78886e-10	-0.273021
1.79219e-10	-0.27586
1.79553e-10	-0.27869
1.79886e-10	-0.281509
1.8022e-10	-0.284318
1.80553e-10	-0.287115
1.80886e-10	-0.289899
1.8122e-10	-0.29267
1.81553e-10	-0.295427
1.81887e-10	-0.298169
1.8222e-10	-0.300895
1.82554e-10	-0.303605
1.82887e-10	-0.306298
1.8322e-10	-0.308973
1.83554e-10	-0.311629
1.83887e-10	-0.314265
1.84221e-10	-0.316881
1.84554e-10	-0.319476
1.84888e-10	-0.322049
1.85221e-10	-0.324599
1.85554e-10	-0.327125
1.85888e-10	-0.329626
1.86221e-10	-0.332102
1.86555e-10	-0.334552
1.86888e-10	-0.336975
1.87222e-10	-0.339369
1.87555e-10	-0.341735
1.87888e-10	-0.344071
1.88222e-10	-0.346377
1.88555e-10	-0.348651
1.88889e-10	-0.350893
1.89222e-10	-0.353102
1.89556e-10	-0.355276
1.89889e-10	-0.357416
1.90222e-10	-0.35952
1.90556e-10	-0.361587
1.90889e-10	-0.363617
1.91223e-10	-0.365608
1.91556e-10	-0.36756
1.9189e-10	-0.369472
1.92223e-10	-0.371343
1.92557e-10	-0.373172
1.9289e-10	-0.374958
1.93223e-10	-0.3767
1.93557e-10	-0.378398
1.9389e-10	-0.38005
1.94224e-10	-0.381656
1.94557e-10	-0.383215
1.94891e-10	-0.384726
1.95224e-10	-0.386187
1.95557e-10	-0.387599
1.95891e-10	-0.388961
1.96224e-10	-0.39027
1.96558e-10	-0.391528
1.96891e-10	-0.392732
1.97225e-10	-0.393882
1.97558e-10	-0.394977
1.97891e-10	-0.396016
1.98225e-10	-0.396998
1.98558e-10	-0.397924
1.98892e-10	-0.39879
1.99225e-10	-0.399598
1.99559e-10	-0.400346
1.99892e-10	-0.401033
2.00225e-10	-0.401658
2.00559e-10	-0.402222
2.00892e-10	-0.402722
2.01226e-10	-0.403158
2.01559e-10	-0.403529
2.01893e-10	-0.403835
2.02226e-10	-0.404075
2.02559e-10	-0.404247
2.02893e-10	-0.404352
2.03226e-10	-0.404389
2.0356e-10	-0.404356
2.03893e-10	-0.404254
2.04227e-10	-0.40408
2.0456e-10	-0.403836
2.04893e-10	-0.403519
2.05227e-10	-0.40313
2.0556e-10	-0.402667
2.05894e-10	-0.402131
2.06227e-10	-0.401519
2.06561e-10	-0.400833
2.06894e-10	-0.40007
2.07227e-10	-0.399231
2.07561e-10	-0.398315
2.07894e-10	-0.397321
2.08228e-10	-0.396249
2.08561e-10	-0.395098
2.08895e-10	-0.393868
2.09228e-10	-0.392558
2.09561e-10	-0.391167
2.09895e-10	-0.389695
2.10228e-10	-0.388142
2.10562e-10	-0.386507
2.10895e-10	-0.38479
2.11229e-10	-0.38299
2.11562e-10	-0.381107
2.11896e-10	-0.37914
2.12229e-10	-0.377089
2.12562e-10	-0.374953
2.12896e-10	-0.372733
2.13229e-10	-0.370428
2.13563e-10	-0.368037
2.13896e-10	-0.36556
2.1423e-10	-0.362998
2.14563e-10	-0.360349
2.14896e-10	-0.357613
2.1523e-10	-0.35479
2.15563e-10	-0.351881
2.15897e-10	-0.348884
2.1623e-10	-0.3458
2.16564e-10	-0.342628
2.16897e-10	-0.339368
2.1723e-10	-0.33602
2.17564e-10	-0.332585
2.17897e-10	-0.329061
2.18231e-10	-0.325449
2.18564e-10	-0.321749
2.18898e-10	-0.31796
2.19231e-10	-0.314083
2.19564e-10	-0.310118
2.19898e-10	-0.306065
2.20231e-10	-0.301924
2.20565e-10	-0.297694
2.20898e-10	-0.293376
2.21232e-10	-0.288971
2.21565e-10	-0.284477
2.21898e-10	-0.279896
2.22232e-10	-0.275227
2.22565e-10	-0.270472
2.22899e-10	-0.265629
2.23232e-10	-0.260699
2.23566e-10	-0.255683
2.23899e-10	-0.250581
2.24232e-10	-0.245392
2.24566e-10	-0.240118
2.24899e-10	-0.234759
2.25233e-10	-0.229315
2.25566e-10	-0.223786
2.259e-10	-0.218173
2.26233e-10	-0.212477
2.26566e-10	-0.206697
2.269e-10	-0.200835
2.27233e-10	-0.194891
2.27567e-10	-0.188865
2.279e-10	-0.182757
2.28234e-10	-0.17657
2.28567e-10	-0.170302
2.289e-10	-0.163955
2.29234e-10	-0.157529
2.29567e-10	-0.151026
2.29901e-10	-0.144445
2.30234e-10	-0.137787
2.30568e-10	-0.131053
2.30901e-10	-0.124245
2.31235e-10	-0.117362
2.31568e-10	-0.110405
2.31901e-10	-0.103376
2.32235e-10	-0.0962746
2.32568e-10	-0.0891023
2.32902e-10	-0.0818599
2.33235e-10	-0.0745482
2.33569e-10	-0.0671681
2.33902e-10	-0.0597207
2.34235e-10	-0.0522069
2.34569e-10	-0.0446276
2.34902e-10	-0.0369839
2.35236e-10	-0.0292768
2.35569e-10	-0.0215074
2.35903e-10	-0.0136768
2.36236e-10	-0.00578594
2.36569e-10	0.00216395
2.36903e-10	0.0101718
2.37236e-10	0.0182364
2.3757e-10	0.0263565
2.37903e-10	0.0345311
2.38237e-10	0.0427589
2.3857e-10	0.0510387
2.38903e-10	0.0593692
2.39237e-10	0.0677492
2.3957e-10	0.0761773
2.39904e-10	0.0846523
2.40237e-10	0.0931728
2.40571e-10	0.101738
2.40904e-10	0.110345
2.41237e-10	0.118994
2.41571e-10	0.127684
2.41904e-10	0.136411
2.42238e-10	0.145177
2.42571e-10	0.153978
2.42905e-10	0.162813
2.43238e-10	0.171681
2.43571e-10	0.180581
2.43905e-10	0.189511
2.44238e-10	0.198469
2.44572e-10	0.207454
2.44905e-10	0.216465
2.45239e-10	0.225499
2.45572e-10	0.234556
2.45905e-10	0.243633
2.46239e-10	0.252729
2.46572e-10	0.261843
2.46906e-10	0.270973
2.47239e-10	0.280117
2.47573e-10	0.289274
2.47906e-10	0.298442
2.4824e-10	0.307619
2.48573e-10	0.316803
2.48906e-10	0.325994
2.4924e-10	0.335189
2.49573e-10	0.344387
2.49907e-10	0.353586
2.5024e-10	0.362784
2.50574e-10	0.371979
2.50907e-10	0.381171
2.5124e-10	0.390356
2.51574e-10	0.399534
2.51907e-10	0.408702
2.52241e-10	0.41786
2.52574e-10	0.427004
2.52908e-10	0.436134
2.53241e-10	0.445248
2.53574e-10	0.454344
2.53908e-10	0.463419
2.54241e-10	0.472473
2.54575e-10	0.481504
2.54908e-10	0.49051
2.55242e-10	0.499489
2.55575e-10	0.508439
2.55908e-10	0.517359
2.56242e-10	0.526246
2.56575e-10	0.5351
2.56909e-10	0.543918
2.57242e-10	0.552698
2.57576e-10	0.56144
2.57909e-10	0.57014
2.58242e-10	0.578798
2.58576e-10	0.587411
2.58909e-10	0.595979
2.59243e-10	0.604498
2.59576e-10	0.612968
2.5991e-10	0.621386
2.60243e-10	0.629751
2.60576e-10	0.638062
2.6091e-10	0.646316
2.61243e-10	0.654511
2.61577e-10	0.662647
2.6191e-10	0.670722
2.62244e-10	0.678733
2.62577e-10	0.686679
2.6291e-10	0.694559
2.63244e-10	0.702371
2.63577e-10	0.710113
2.63911e-10	0.717783
2.64244e-10	0.72538
2.64578e-10	0.732903
2.64911e-10	0.74035
2.65244e-10	0.747719
2.65578e-10	0.755008
2.65911e-10	0.762217
2.66245e-10	0.769343
2.66578e-10	0.776386
2.66912e-10	0.783343
2.67245e-10	0.790213
2.67579e-10	0.796995
2.67912e-10	0.803686
2.68245e-10	0.810287
2.68579e-10	0.816795
2.68912e-10	0.82321
2.69246e-10	0.829528
2.69579e-10	0.83575
2.69913e-10	0.841874
2.70246e-10	0.847899
2.70579e-10	0.853823
2.70913e-10	0.859644
2.71246e-10	0.865363
2.7158e-10	0.870977
2.71913e-10	0.876485
2.72247e-10	0.881886
2.7258e-10	0.88718
2.72913e-10	0.892364
2.73247e-10	0.897437
2.7358e-10	0.902399
2.73914e-10	0.907249
2.74247e-10	0.911985
2.74581e-10	0.916606
2.74914e-10	0.921112
2.75247e-10	0.925501
2.75581e-10	0.929772
2.75914e-10	0.933925
2.76248e-10	0.937958
2.76581e-10	0.941871
2.76915e-10	0.945663
2.77248e-10	0.949332
2.77581e-10	0.952879
2.77915e-10	0.956302
2.78248e-10	0.959601
2.78582e-10	0.962775
2.78915e-10	0.965822
2.79249e-10	0.968743
2.79582e-10	0.971537
2.79915e-10	0.974204
2.80249e-10	0.976741
2.80582e-10	0.97915
2.80916e-10	0.98143
2.81249e-10	0.983579
2.81583e-10	0.985598
2.81916e-10	0.987486
2.82249e-10	0.989243
2.82583e-10	0.990868
2.82916e-10	0.992361
2.8325e-10	0.993722
2.83583e-10	0.99495
2.83917e-10	0.996045
2.8425e-10	0.997006
2.84584e-10	0.997835
2.84917e-10	0.998529
2.8525e-10	0.99909
2.85584e-10	0.999517
2.85917e-10	0.99981
2.86251e-10	0.999969
2.86584e-10	0.999993
2.86918e-10	0.999884
2.87251e-10	0.999641
2.87584e-10	0.999263
2.87918e-10	0.998752
2.88251e-10	0.998106
2.88585e-10	0.997327
2.88918e-10	0.996415
2.89252e-10	0.995369
2.89585e-10	0.99419
2.89918e-10	0.992879
2.90252e-10	0.991435
2.90585e-10	0.989858
2.90919e-10	0.98815
2.91252e-10	0.98631
2.91586e-10	0.98434
2.91919e-10	0.982238
2.92252e-10	0.980007
2.92586e-10	0.977646
2.92919e-10	0.975155
2.93253e-10	0.972536
2.93586e-10	0.969789
2.9392e-10	0.966915
2.94253e-10	0.963914
2.94586e-10	0.960787
2.9492e-10	0.957534
2.95253e-10	0.954157
2.95587e-10	0.950656
2.9592e-10	0.947031
2.96254e-10	0.943285
2.96587e-10	0.939416
2.9692e-10	0.935427
2.97254e-10	0.931319
2.97587e-10	0.927091
2.97921e-10	0.922745
2.98254e-10	0.918283
2.98588e-10	0.913704
2.98921e-10	0.90901
2.99254e-10	0.904202
2.99588e-10	0.899282
2.99921e-10	0.894249
3.00255e-10	0.889105
3.00588e-10	0.883852
3.00922e-10	0.878491
3.01255e-10	0.873022
3.01588e-10	0.867447
3.01922e-10	0.861767
3.02255e-10	0.855983
3.02589e-10	0.850097
3.02922e-10	0.844109
3.03256e-10	0.838022
3.03589e-10	0.831836
3.03923e-10	0.825553
3.04256e-10	0.819174
3.04589e-10	0.8127
3.04923e-10	0.806133
3.05256e-10	0.799475
3.0559e-10	0.792726
3.05923e-10	0.785888
3.06257e-10	0.778963
3.0659e-10	0.771952
3.06923e-10	0.764856
3.07257e-10	0.757678
3.0759e-10	0.750418
3.07924e-10	0.743078
3.08257e-10	0.73566
3.08591e-10	0.728165
3.08924e-10	0.720595
3.09257e-10	0.712952
3.09591e-10	0.705236
3.09924e-10	0.69745
3.10258e-10	0.689595
3.10591e-10	0.681673
3.10925e-10	0.673686
3.11258e-10	0.665634
3.11591e-10	0.657521
3.11925e-10	0.649347
3.12258e-10	0.641114
3.12592e-10	0.632824
3.12925e-10	0.624479
3.13259e-10	0.61608
3.13592e-10	0.607629
3.13925e-10	0.599128
3.14259e-10	0.590578
3.14592e-10	0.581982
3.14926e-10	0.57334
3.15259e-10	0.564655
3.15593e-10	0.555929
3.15926e-10	0.547163
3.16259e-10	0.538358
3.16593e-10	0.529517
3.16926e-10	0.520642
3.1726e-10	0.511734
3.17593e-10	0.502795
3.17927e-10	0.493826
3.1826e-10	0.484831
3.18593e-10	0.475809
3.18927e-10	0.466763
3.1926e-10	0.457695
3.19594e-10	0.448607
3.19927e-10	0.439499
3.20261e-10	0.430375
3.20594e-10	0.421236
3.20928e-10	0.412083
3.21261e-10	0.402919
3.21594e-10	0.393744
3.21928e-10	0.384561
3.22261e-10	0.375372
3.22595e-10	0.366178
3.22928e-10	0.35698
3.23262e-10	0.347782
3.23595e-10	0.338583
3.23928e-10	0.329387
3.24262e-10	0.320194
3.24595e-10	0.311007
3.24929e-10	0.301827
3.25262e-10	0.292656
3.25596e-10	0.283495
3.25929e-10	0.274346
3.26262e-10	0.265211
3.26596e-10	0.256091
3.26929e-10	0.246988
3.27263e-10	0.237903
3.27596e-10	0.228839
3.2793e-10	0.219796
3.28263e-10	0.210777
3.28596e-10	0.201782
3.2893e-10	0.192814
3.29263e-10	0.183873
3.29597e-10	0.174962
3.2993e-10	0.166082
3.30264e-10	0.157234
3.30597e-10	0.14842
3.3093e-10	0.139642
3.31264e-10	0.1309
3.31597e-10	0.122196
3.31931e-10	0.113532
3.32264e-10	0.104909
3.32598e-10	0.0963284
3.32931e-10	0.0877914
3.33264e-10	0.0792994
3.33598e-10	0.0708538
3.33931e-10	0.0624559
3.34265e-10	0.054107
3.34598e-10	0.0458084
3.34932e-10	0.0375613
3.35265e-10	0.0293669
3.35598e-10	0.0212265
3.35932e-10	0.0131413
3.36265e-10	0.00511237
3.36599e-10	-0.00285902
3.36932e-10	-0.0107718
3.37266e-10	-0.0186248
3.37599e-10	-0.0264169
3.37932e-10	-0.0341471
3.38266e-10	-0.0418143
3.38599e-10	-0.0494175
3.38933e-10	-0.0569556
3.39266e-10	-0.0644276
3.396e-10	-0.0718326
3.39933e-10	-0.0791697
3.40267e-10	-0.0864378
3.406e-10	-0.0936361
3.40933e-10	-0.100764
3.41267e-10	-0.10782
3.416e-10	-0.114803
3.41934e-10	-0.121713
3.42267e-10	-0.12855
3.42601e-10	-0.135311
3.42934e-10	-0.141997
3.43267e-10	-0.148606
3.43601e-10	-0.155138
3.43934e-10	-0.161593
3.44268e-10	-0.167969
3.44601e-10	-0.174266
3.44935e-10	-0.180483
3.45268e-10	-0.18662
3.45601e-10	-0.192676
3.45935e-10	-0.198651
3.46268e-10	-0.204544
3.46602e-10	-0.210354
3.46935e-10	-0.216081
3.47269e-10	-0.221725
3.47602e-10	-0.227284
3.47935e-10	-0.23276
3.48269e-10	-0.23815
3.48602e-10	-0.243456
3.48936e-10	-0.248676
3.49269e-10	-0.25381
3.49603e-10	-0.258858
3.49936e-10	-0.26382
3.50269e-10	-0.268695
3.50603e-10	-0.273483
3.50936e-10	-0.278183
3.5127e-10	-0.282797
3.51603e-10	-0.287322
3.51937e-10	-0.291761
3.5227e-10	-0.296111
3.52603e-10	-0.300373
3.52937e-10	-0.304547
3.5327e-10	-0.308633
3.53604e-10	-0.312631
3.53937e-10	-0.31654
3.54271e-10	-0.320361
3.54604e-10	-0.324094
3.54937e-10	-0.327738
3.55271e-10	-0.331295
3.55604e-10	-0.334763
3.55938e-10	-0.338143
3.56271e-10	-0.341435
3.56605e-10	-0.344639
3.56938e-10	-0.347756
3.57271e-10	-0.350785
3.57605e-10	-0.353727
3.57938e-10	-0.356581
3.58272e-10	-0.359349
3.58605e-10	-0.36203
3.58939e-10	-0.364625
3.59272e-10	-0.367133
3.59606e-10	-0.369555
3.59939e-10	-0.371892
3.60272e-10	-0.374144
3.60606e-10	-0.37631
3.60939e-10	-0.378392
3.61273e-10	-0.38039
3.61606e-10	-0.382305
3.6194e-10	-0.384135
3.62273e-10	-0.385883
3.62606e-10	-0.387548
3.6294e-10	-0.389132
3.63273e-10	-0.390633
3.63607e-10	-0.392054
3.6394e-10	-0.393394
3.64274e-10	-0.394653
3.64607e-10	-0.395834
3.6494e-10	-0.396935
3.65274e-10	-0.397957
3.65607e-10	-0.398902
3.65941e-10	-0.39977
3.66274e-10	-0.40056
3.66608e-10	-0.401275
3.66941e-10	-0.401914
3.67274e-10	-0.402478
3.67608e-10	-0.402968
3.67941e-10	-0.403384
3.68275e-10	-0.403727
3.68608e-10	-0.403998
3.68942e-10	-0.404198
3.69275e-10	-0.404326
3.69608e-10	-0.404385
3.69942e-10	-0.404374
3.70275e-10	-0.404294
3.70609e-10	-0.404146
3.70942e-10	-0.403931
3.71276e-10	-0.40365
3.71609e-10	-0.403302
3.71942e-10	-0.40289
3.72276e-10	-0.402414
3.72609e-10	-0.401874
3.72943e-10	-0.401271
3.73276e-10	-0.400607
3.7361e-10	-0.399881
3.73943e-10	-0.399095
3.74276e-10	-0.39825
3.7461e-10	-0.397347
3.74943e-10	-0.396385
3.75277e-10	-0.395367
3.7561e-10	-0.394292
3.75944e-10	-0.393162
3.76277e-10	-0.391978
3.76611e-10	-0.39074
3.76944e-10	-0.38945
3.77277e-10	-0.388108
3.77611e-10	-0.386714
3.77944e-10	-0.385271
3.78278e-10	-0.383778
3.78611e-10	-0.382237
3.78945e-10	-0.380648
3.79278e-10	-0.379013
3.79611e-10	-0.377332
3.79945e-10	-0.375606
3.80278e-10	-0.373836
3.80612e-10	-0.372023
3.80945e-10	-0.370167
3.81279e-10	-0.368271
3.81612e-10	-0.366333
3.81945e-10	-0.364356
3.82279e-10	-0.362341
3.82612e-10	-0.360287
3.82946e-10	-0.358197
3.83279e-10	-0.35607
3.83613e-10	-0.353908
3.83946e-10	-0.351712
3.84279e-10	-0.349482
3.84613e-10	-0.34722
3.84946e-10	-0.344926
3.8528e-10	-0.342601
3.85613e-10	-0.340246
3.85947e-10	-0.337862
3.8628e-10	-0.335449
3.86613e-10	-0.333009
3.86947e-10	-0.330543
3.8728e-10	-0.328051
3.87614e-10	-0.325534
3.87947e-10	-0.322993
3.88281e-10	-0.320428
3.88614e-10	-0.317841
3.88947e-10	-0.315233
3.89281e-10	-0.312604
3.89614e-10	-0.309955
3.89948e-10	-0.307287
3.90281e-10	-0.304601
3.90615e-10	-0.301897
3.90948e-10	-0.299177
3.91281e-10	-0.29644
3.91615e-10	-0.293689
3.91948e-10	-0.290923
3.92282e-10	-0.288143
3.92615e-10	-0.285351
3.92949e-10	-0.282547
3.93282e-10	-0.279732
3.93615e-10	-0.276906
3.93949e-10	-0.27407
3.94282e-10	-0.271225
3.94616e-10	-0.268372
3.94949e-10	-0.265512
3.95283e-10	-0.262644
3.95616e-10	-0.25977
3.9595e-10	-0.256891
3.96283e-10	-0.254007
3.96616e-10	-0.251119
3.9695e-10	-0.248228
3.97283e-10	-0.245333
3.97617e-10	-0.242437
3.9795e-10	-0.239539
3.98284e-10	-0.236641
3.98617e-10	-0.233742
3.9895e-10	-0.230844
3.99284e-10	-0.227947
3.99617e-10	-0.225051
3.99951e-10	-0.222158
4.00284e-10	-0.219268
4.00618e-10	-0.216381
4.00951e-10	-0.213499
4.01284e-10	-0.210621
4.01618e-10	-0.207748
4.01951e-10	-0.204881
4.02285e-10	-0.20202
4.02618e-10	-0.199166
4.02952e-10	-0.196319
4.03285e-10	-0.193481
4.03618e-10	-0.19065
4.03952e-10	-0.187829
4.04285e-10	-0.185016
4.04619e-10	-0.182214
4.04952e-10	-0.179422
4.05286e-10	-0.17664
4.05619e-10	-0.17387
4.05952e-10	-0.171112
4.06286e-10	-0.168365
4.06619e-10	-0.165632
4.06953e-10	-0.162911
4.07286e-10	-0.160203
4.0762e-10	-0.157509
4.07953e-10	-0.154829
4.08286e-10	-0.152164
4.0862e-10	-0.149514
4.08953e-10	-0.146878
4.09287e-10	-0.144259
4.0962e-10	-0.141655
4.09954e-10	-0.139068
4.10287e-10	-0.136497
4.1062e-10	-0.133943
4.10954e-10	-0.131406
4.11287e-10	-0.128887
4.11621e-10	-0.126386
4.11954e-10	-0.123903
4.12288e-10	-0.121438
4.12621e-10	-0.118991
4.12955e-10	-0.116564
4.13288e-10	-0.114156
4.13621e-10	-0.111767
4.13955e-10	-0.109397
4.14288e-10	-0.107048
4.14622e-10	-0.104718
4.14955e-10	-0.102409
4.15289e-10	-0.10012
4.15622e-10	-0.0978517
4.15955e-10	-0.0956042
4.16289e-10	-0.0933777
4.16622e-10	-0.0911724
4.16956e-10	-0.0889883
4.17289e-10	-0.0868257
4.17623e-10	-0.0846846
4.17956e-10	-0.0825653
4.18289e-10	-0.0804678
4.18623e-10	-0.0783923
4.18956e-10	-0.0763388
4.1929e-10	-0.0743075
4.19623e-10	-0.0722984
4.19957e-10	-0.0703117
4.2029e-10	-0.0683475
4.20623e-10	-0.0664058
4.20957e-10	-0.0644866
4.2129e-10	-0.0625901
4.21624e-10	-0.0607163
4.21957e-10	-0.0588652
4.22291e-10	-0.0570369
4.22624e-10	-0.0552314
4.22957e-10	-0.0534487
4.23291e-10	-0.051689
4.23624e-10	-0.0499521
4.23958e-10	-0.048238
4.24291e-10	-0.0465469
4.24625e-10	-0.0448787
4.24958e-10	-0.0432333
4.25291e-10	-0.0416108
4.25625e-10	-0.0400111
4.25958e-10	-0.0384343
4.26292e-10	-0.0368802
4.26625e-10	-0.0353489
4.26959e-10	-0.0338402
4.27292e-10	-0.0323543
4.27625e-10	-0.0308909
4.27959e-10	-0.0294501
4.28292e-10	-0.0280317
4.28626e-10	-0.0266358
4.28959e-10	-0.0252622
4.29293e-10	-0.0239108
4.29626e-10	-0.0225817
4.29959e-10	-0.0212746
4.30293e-10	-0.0199896
4.30626e-10	-0.0187264
4.3096e-10	-0.017485
4.31293e-10	-0.0162654
4.31627e-10	-0.0150674
4.3196e-10	-0.0138908
4.32294e-10	-0.0127356
4.32627e-10	-0.0116017
4.3296e-10	-0.0104889
4.33294e-10	-0.00939708
4.33627e-10	-0.00832615
4.33961e-10	-0.00727597
4.34294e-10	-0.0062464
4.34628e-10	-0.0052373
4.34961e-10	-0.00424853
4.35294e-10	-0.00327993
4.35628e-10	-0.00233138
4.35961e-10	-0.0014027
4.36295e-10	-0.000493761
4.36628e-10	0.000395605
4.36962e-10	0.00126555
4.37295e-10	0.00211624
4.37628e-10	0.00294784
4.37962e-10	0.00376051
4.38295e-10	0.00455441
4.38629e-10	0.00532972
4.38962e-10	0.00608661
4.39296e-10	0.00682525
4.39629e-10	0.00754581
4.39962e-10	0.00824848
4.40296e-10	0.00893343
4.40629e-10	0.00960084
4.40963e-10	0.0102509
4.41296e-10	0.0108838
4.4163e-10	0.0114996
4.41963e-10	0.0120987
4.42296e-10	0.0126812
4.4263e-10	0.0132472
4.42963e-10	0.013797
4.43297e-10	0.0143307
4.4363e-10	0.0148485
4.43964e-10	0.0153507
4.44297e-10	0.0158374
4.4463e-10	0.0163088
4.44964e-10	0.0167651
4.45297e-10	0.0172066
4.45631e-10	0.0176333
4.45964e-10	0.0180454
4.46298e-10	0.0184433
4.46631e-10	0.018827
4.46964e-10	0.0191968
4.47298e-10	0.0195529
4.47631e-10	0.0198954
4.47965e-10	0.0202246
4.48298e-10	0.0205406
4.48632e-10	0.0208437
4.48965e-10	0.021134
4.49299e-10	0.0214117
4.49632e-10	0.0216771
4.49965e-10	0.0219303
4.50299e-10	0.0221715
4.50632e-10	0.0224009
4.50966e-10	0.0226187
4.51299e-10	0.0228251
4.51633e-10	0.0230203
4.51966e-10	0.0232044
4.52299e-10	0.0233777
4.52633e-10	0.0235404
4.52966e-10	0.0236926
4.533e-10	0.0238346
4.53633e-10	0.0239664
4.53967e-10	0.0240884
4.543e-10	0.0242006
4.54633e-10	0.0243034
4.54967e-10	0.0243968
4.553e-10	0.024481
4.55634e-10	0.0245562
4.55967e-10	0.0246226
4.56301e-10	0.0246804
4.56634e-10	0.0247298
4.56967e-10	0.0247709
4.57301e-10	0.0248039
4.57634e-10	0.0248289
4.57968e-10	0.0248463
4.58301e-10	0.024856
4.58635e-10	0.0248583
4.58968e-10	0.0248534
4.59301e-10	0.0248415
4.59635e-10	0.0248226
4.59968e-10	0.0247969
4.60302e-10	0.0247647
4.60635e-10	0.0247261
4.60969e-10	0.0246812
4.61302e-10	0.0246302
4.61635e-10	0.0245732
4.61969e-10	0.0245105
4.62302e-10	0.0244421
4.62636e-10	0.0243682
4.62969e-10	0.024289
4.63303e-10	0.0242046
4.63636e-10	0.0241151
4.63969e-10	0.0240208
4.64303e-10	0.0239217
4.64636e-10	0.023818
4.6497e-10	0.0237098
4.65303e-10	0.0235972
4.65637e-10	0.0234805
4.6597e-10	0.0233597
4.66303e-10	0.0232349
4.66637e-10	0.0231064
4.6697e-10	0.0229742
4.67304e-10	0.0228384
4.67637e-10	0.0226992
4.67971e-10	0.0225568
4.68304e-10	0.0224111
4.68638e-10	0.0222624
4.68971e-10	0.0221107
4.69304e-10	0.0219563
4.69638e-10	0.0217991
4.69971e-10	0.0216394
4.70305e-10	0.0214771
4.70638e-10	0.0213126
4.70972e-10	0.0211457
4.71305e-10	0.0209767
4.71638e-10	0.0208056
4.71972e-10	0.0206326
4.72305e-10	0.0204578
4.72639e-10	0.0202812
4.72972e-10	0.0201029
4.73306e-10	0.0199231
4.73639e-10	0.0197419
4.73972e-10	0.0195593
4.74306e-10	0.0193754
4.74639e-10	0.0191903
4.74973e-10	0.0190041
4.75306e-10	0.0188169
4.7564e-10	0.0186288
4.75973e-10	0.0184399
4.76306e-10	0.0182501
4.7664e-10	0.0180597
4.76973e-10	0.0178687
4.77307e-10	0.0176771
4.7764e-10	0.0174851
4.77974e-10	0.0172927
4.78307e-10	0.0171
4.7864e-10	0.016907
4.78974e-10	0.0167139
4.79307e-10	0.0165206
4.79641e-10	0.0163273
4.79974e-10	0.016134
4.80308e-10	0.0159407
4.80641e-10	0.0157477
4.80974e-10	0.0155548
4.81308e-10	0.0153621
4.81641e-10	0.0151698
4.81975e-10	0.0149778
4.82308e-10	0.0147862
4.82642e-10	0.0145951
4.82975e-10	0.0144045
4.83308e-10	0.0142145
4.83642e-10	0.0140251
4.83975e-10	0.0138363
4.84309e-10	0.0136483
4.84642e-10	0.013461
4.84976e-10	0.0132745
4.85309e-10	0.0130888
4.85642e-10	0.0129039
4.85976e-10	0.01272
4.86309e-10	0.012537
4.86643e-10	0.012355
4.86976e-10	0.012174
4.8731e-10	0.011994
4.87643e-10	0.0118151
4.87977e-10	0.0116373
4.8831e-10	0.0114607
4.88643e-10	0.0112852
4.88977e-10	0.0111109
4.8931e-10	0.0109378
4.89644e-10	0.010766
4.89977e-10	0.0105954
4.90311e-10	0.0104262
4.90644e-10	0.0102582
4.90977e-10	0.0100916
4.91311e-10	0.00992628
4.91644e-10	0.00976237
4.91978e-10	0.00959986
4.92311e-10	0.00943875
4.92645e-10	0.00927907
4.92978e-10	0.00912083
4.93311e-10	0.00896404
4.93645e-10	0.00880872
4.93978e-10	0.00865488
4.94312e-10	0.00850253
4.94645e-10	0.00835169
4.94979e-10	0.00820236
4.95312e-10	0.00805455
4.95645e-10	0.00790828
4.95979e-10	0.00776354
4.96312e-10	0.00762036
4.96646e-10	0.00747872
4.96979e-10	0.00733865
4.97313e-10	0.00720015
4.97646e-10	0.00706321
4.97979e-10	0.00692785
4.98313e-10	0.00679406
4.98646e-10	0.00666185
4.9898e-10	0.00653122
4.99313e-10	0.00640218
4.99647e-10	0.00627472
4.9998e-10	0.00614884
5.00313e-10	0.00602454
5.00647e-10	0.00590182
5.0098e-10	0.00578069
5.01314e-10	0.00566113
5.01647e-10	0.00554315
5.01981e-10	0.00542674
5.02314e-10	0.0053119
5.02647e-10	0.00519862
5.02981e-10	0.0050869
5.03314e-10	0.00497674
5.03648e-10	0.00486813
5.03981e-10	0.00476107
5.04315e-10	0.00465554
5.04648e-10	0.00455154
5.04982e-10	0.00444907
5.05315e-10	0.00434812
5.05648e-10	0.00424868
5.05982e-10	0.00415074
5.06315e-10	0.00405429
5.06649e-10	0.00395933
5.06982e-10	0.00386585
5.07316e-10	0.00377383
5.07649e-10	0.00368327
5.07982e-10	0.00359416
5.08316e-10	0.00350649
5.08649e-10	0.00342025
5.08983e-10	0.00333542
5.09316e-10	0.003252
5.0965e-10	0.00316998
5.09983e-10	0.00308934
5.10316e-10	0.00301008
5.1065e-10	0.00293218
5.10983e-10	0.00285563
5.11317e-10	0.00278042
5.1165e-10	0.00270653
5.11984e-10	0.00263396
5.12317e-10	0.00256269
5.1265e-10	0.00249272
5.12984e-10	0.00242401
5.13317e-10	0.00235658
5.13651e-10	0.0022904
5.13984e-10	0.00222545
5.14318e-10	0.00216173
5.14651e-10	0.00209923
5.14984e-10	0.00203792
5.15318e-10	0.0019778
5.15651e-10	0.00191886
5.15985e-10	0.00186107
5.16318e-10	0.00180443
5.16652e-10	0.00174893
5.16985e-10	0.00169454
5.17318e-10	0.00164126
5.17652e-10	0.00158907
5.17985e-10	0.00153796
5.18319e-10	0.00148792
5.18652e-10	0.00143893
5.18986e-10	0.00139097
5.19319e-10	0.00134404
5.19652e-10	0.00129813
5.19986e-10	0.00125321
5.20319e-10	0.00120927
5.20653e-10	0.0011663
5.20986e-10	0.00112429
5.2132e-10	0.00108322
5.21653e-10	0.00104309
5.21986e-10	0.00100387
5.2232e-10	0.000965549
5.22653e-10	0.000928121
5.22987e-10	0.000891569
5.2332e-10	0.00085588
5.23654e-10	0.000821041
5.23987e-10	0.000787039
5.24321e-10	0.000753861
5.24654e-10	0.000721494
5.24987e-10	0.000689924
5.25321e-10	0.00065914
5.25654e-10	0.000629128
5.25988e-10	0.000599876
5.26321e-10	0.00057137
5.26655e-10	0.0005436
5.26988e-10	0.000516551
5.27321e-10	0.000490213
5.27655e-10	0.000464572
5.27988e-10	0.000439616
5.28322e-10	0.000415334
5.28655e-10	0.000391713
5.28989e-10	0.000368743
5.29322e-10	0.00034641
5.29655e-10	0.000324703
5.29989e-10	0.000303611
5.30322e-10	0.000283123
5.30656e-10	0.000263227
5.30989e-10	0.000243911
5.31323e-10	0.000225166
5.31656e-10	0.000206979
5.31989e-10	0.00018934
5.32323e-10	0.000172239
5.32656e-10	0.000155664
5.3299e-10	0.000139605
5.33323e-10	0.000124052
5.33657e-10	0.000108995
5.3399e-10	9.44226e-05
5.34323e-10	8.03256e-05
5.34657e-10	6.6694e-05
5.3499e-10	5.3518e-05
5.35324e-10	4.07879e-05
5.35657e-10	2.84941e-05
5.35991e-10	1.66273e-05
5.36324e-10	5.17808e-06
5.36657e-10	-5.86268e-06
5.36991e-10	-1.6504e-05
5.37324e-10	-2.6755e-05
5.37658e-10	-3.66242e-05
5.37991e-10	-4.61206e-05
5.38325e-10	-5.52525e-05
5.38658e-10	-6.40285e-05
5.38991e-10	-7.2457e-05
5.39325e-10	-8.0546e-05
5.39658e-10	-8.83037e-05
5.39992e-10	-9.5738e-05
5.40325e-10	-0.000102857
5.40659e-10	-0.000109668
5.40992e-10	-0.000116179
5.41326e-10	-0.000122397
5.41659e-10	-0.00012833
5.41992e-10	-0.000133984
5.42326e-10	-0.000139368
5.42659e-10	-0.000144488
5.42993e-10	-0.000149351
5.43326e-10	-0.000153963
5.4366e-10	-0.000158332
5.43993e-10	-0.000162463
5.44326e-10	-0.000166364
5.4466e-10	-0.000170041
5.44993e-10	-0.0001735
5.45327e-10	-0.000176746
5.4566e-10	-0.000179787
5.45994e-10	-0.000182627
5.46327e-10	-0.000185273
5.4666e-10	-0.000187731
5.46994e-10	-0.000190005
5.47327e-10	-0.000192102
5.47661e-10	-0.000194026
5.47994e-10	-0.000195783
5.48328e-10	-0.000197378
5.48661e-10	-0.000198816
5.48994e-10	-0.000200103
5.49328e-10	-0.000201242
5.49661e-10	-0.000202239
5.49995e-10	-0.000203098
5.50328e-10	-0.000203823
5.50662e-10	-0.000204421
5.50995e-10	-0.000204893
5.51328e-10	-0.000205246
5.51662e-10	-0.000205483
5.51995e-10	-0.000205608
5.52329e-10	-0.000205625
5.52662e-10	-0.000205538
5.52996e-10	-0.000205351
5.53329e-10	-0.000205068
5.53662e-10	-0.000204692
5.53996e-10	-0.000204227
5.54329e-10	-0.000203676
5.54663e-10	-0.000203043
5.54996e-10	-0.000202331
5.5533e-10	-0.000201543
5.55663e-10	-0.000200683
5.55996e-10	-0.000199753
5.5633e-10	-0.000198757
5.56663e-10	-0.000197698
5.56997e-10	-0.000196577
5.5733e-10	-0.000195399
5.57664e-10	-0.000194166
5.57997e-10	-0.000192881
5.5833e-10	-0.000191545
5.58664e-10	-0.000190163
5.58997e-10	-0.000188735
5.59331e-10	-0.000187265
5.59664e-10	-0.000185755
5.59998e-10	-0.000184206
5.60331e-10	-0.000182622
5.60665e-10	-0.000181005
5.60998e-10	-0.000179356
5.61331e-10	-0.000177677
5.61665e-10	-0.000175971
5.61998e-10	-0.000174239
5.62332e-10	-0.000172483
5.62665e-10	-0.000170705
5.62999e-10	-0.000168907
5.63332e-10	-0.000167091
5.63665e-10	-0.000165257
5.63999e-10	-0.000163408
5.64332e-10	-0.000161545
5.64666e-10	-0.000159669
5.64999e-10	-0.000157783
5.65333e-10	-0.000155887
5.65666e-10	-0.000153983
5.65999e-10	-0.000152072
5.66333e-10	-0.000150155
5.66666e-10	-0.000148234
5.67e-10	-0.00014631
5.67333e-10	-0.000144383
5.67667e-10	-0.000142455
5.68e-10	-0.000140527
5.68333e-10	-0.0001386
5.68667e-10	-0.000136675
5.69e-10	-0.000134753
5.69334e-10	-0.000132835
5.69667e-10	-0.000130921
5.70001e-10	-0.000129013
5.70334e-10	-0.000127111
5.70667e-10	-0.000125216
5.71001e-10	-0.000123328
5.71334e-10	-0.000121449
5.71668e-10	-0.00011958
5.72001e-10	-0.000117719
5.72335e-10	-0.00011587
5.72668e-10	-0.000114031
5.73001e-10	-0.000112204
