0	-0.000112442
3.33431e-13	-0.000114271
6.66862e-13	-0.000116111
1.00029e-12	-0.000117963
1.33372e-12	-0.000119824
1.66716e-12	-0.000121695
2.00059e-12	-0.000123575
2.33402e-12	-0.000125463
2.66745e-12	-0.000127359
3.00088e-12	-0.000129262
3.33431e-12	-0.000131171
3.66774e-12	-0.000133086
4.00117e-12	-0.000135005
4.33461e-12	-0.000136927
4.66804e-12	-0.000138853
5.00147e-12	-0.00014078
5.3349e-12	-0.000142708
5.66833e-12	-0.000144635
6.00176e-12	-0.000146562
6.33519e-12	-0.000148486
6.66862e-12	-0.000150407
7.00205e-12	-0.000152323
7.33549e-12	-0.000154233
7.66892e-12	-0.000156136
8.00235e-12	-0.000158031
8.33578e-12	-0.000159916
8.66921e-12	-0.00016179
9.00264e-12	-0.000163651
9.33607e-12	-0.000165498
9.6695e-12	-0.000167329
1.00029e-11	-0.000169144
1.03364e-11	-0.000170939
1.06698e-11	-0.000172714
1.10032e-11	-0.000174467
1.13367e-11	-0.000176196
1.16701e-11	-0.000177898
1.20035e-11	-0.000179573
1.2337e-11	-0.000181218
1.26704e-11	-0.000182832
1.30038e-11	-0.000184411
1.33372e-11	-0.000185955
1.36707e-11	-0.00018746
1.40041e-11	-0.000188925
1.43375e-11	-0.000190346
1.4671e-11	-0.000191723
1.50044e-11	-0.000193052
1.53378e-11	-0.000194331
1.56713e-11	-0.000195557
1.60047e-11	-0.000196727
1.63381e-11	-0.00019784
1.66716e-11	-0.000198891
1.7005e-11	-0.000199879
1.73384e-11	-0.0002008
1.76719e-11	-0.00020165
1.80053e-11	-0.000202428
1.83387e-11	-0.00020313
1.86721e-11	-0.000203753
1.90056e-11	-0.000204292
1.9339e-11	-0.000204746
1.96724e-11	-0.00020511
2.00059e-11	-0.000205381
2.03393e-11	-0.000205555
2.06727e-11	-0.000205629
2.10062e-11	-0.000205598
2.13396e-11	-0.000205458
2.1673e-11	-0.000205207
2.20065e-11	-0.000204838
2.23399e-11	-0.00020435
2.26733e-11	-0.000203736
2.30068e-11	-0.000202993
2.33402e-11	-0.000202116
2.36736e-11	-0.000201101
2.4007e-11	-0.000199943
2.43405e-11	-0.000198637
2.46739e-11	-0.000197178
2.50073e-11	-0.000195562
2.53408e-11	-0.000193783
2.56742e-11	-0.000191837
2.60076e-11	-0.000189717
2.63411e-11	-0.00018742
2.66745e-11	-0.000184938
2.70079e-11	-0.000182267
2.73414e-11	-0.0001794
2.76748e-11	-0.000176333
2.80082e-11	-0.000173059
2.83416e-11	-0.000169572
2.86751e-11	-0.000165866
2.90085e-11	-0.000161936
2.93419e-11	-0.000157773
2.96754e-11	-0.000153373
3.00088e-11	-0.000148728
3.03422e-11	-0.000143832
3.06757e-11	-0.000138678
3.10091e-11	-0.000133259
3.13425e-11	-0.000127569
3.1676e-11	-0.000121599
3.20094e-11	-0.000115343
3.23428e-11	-0.000108793
3.26763e-11	-0.000101942
3.30097e-11	-9.47825e-05
3.33431e-11	-8.73062e-05
3.36765e-11	-7.95056e-05
3.401e-11	-7.13726e-05
3.43434e-11	-6.28991e-05
3.46768e-11	-5.40769e-05
3.50103e-11	-4.48977e-05
3.53437e-11	-3.5353e-05
3.56771e-11	-2.54343e-05
3.60106e-11	-1.51327e-05
3.6344e-11	-4.43956e-06
3.66774e-11	6.65417e-06
3.70109e-11	1.81575e-05
3.73443e-11	3.00798e-05
3.76777e-11	4.24301e-05
3.80112e-11	5.52181e-05
3.83446e-11	6.84532e-05
3.8678e-11	8.21452e-05
3.90114e-11	9.63039e-05
3.93449e-11	0.000110939
3.96783e-11	0.000126061
4.00117e-11	0.00014168
4.03452e-11	0.000157805
4.06786e-11	0.000174449
4.1012e-11	0.00019162
4.13455e-11	0.00020933
4.16789e-11	0.000227589
4.20123e-11	0.000246409
4.23458e-11	0.000265799
4.26792e-11	0.000285773
4.30126e-11	0.000306339
4.33461e-11	0.000327511
4.36795e-11	0.000349299
4.40129e-11	0.000371715
4.43463e-11	0.00039477
4.46798e-11	0.000418476
4.50132e-11	0.000442846
4.53466e-11	0.000467891
4.56801e-11	0.000493622
4.60135e-11	0.000520053
4.63469e-11	0.000547196
4.66804e-11	0.000575062
4.70138e-11	0.000603664
4.73472e-11	0.000633015
4.76807e-11	0.000663128
4.80141e-11	0.000694014
4.83475e-11	0.000725687
4.8681e-11	0.00075816
4.90144e-11	0.000791446
4.93478e-11	0.000825557
4.96812e-11	0.000860506
5.00147e-11	0.000896307
5.03481e-11	0.000932973
5.06815e-11	0.000970517
5.1015e-11	0.00100895
5.13484e-11	0.00104829
5.16818e-11	0.00108855
5.20153e-11	0.00112974
5.23487e-11	0.00117187
5.26821e-11	0.00121497
5.30156e-11	0.00125903
5.3349e-11	0.00130408
5.36824e-11	0.00135013
5.40158e-11	0.0013972
5.43493e-11	0.00144528
5.46827e-11	0.00149441
5.50161e-11	0.0015446
5.53496e-11	0.00159585
5.5683e-11	0.00164818
5.60164e-11	0.0017016
5.63499e-11	0.00175613
5.66833e-11	0.00181179
5.70167e-11	0.00186857
5.73502e-11	0.00192651
5.76836e-11	0.00198561
5.8017e-11	0.00204588
5.83505e-11	0.00210735
5.86839e-11	0.00217001
5.90173e-11	0.00223389
5.93507e-11	0.00229899
5.96842e-11	0.00236534
6.00176e-11	0.00243294
6.0351e-11	0.00250181
6.06845e-11	0.00257195
6.10179e-11	0.00264339
6.13513e-11	0.00271613
6.16848e-11	0.00279019
6.20182e-11	0.00286558
6.23516e-11	0.0029423
6.26851e-11	0.00302038
6.30185e-11	0.00309982
6.33519e-11	0.00318064
6.36854e-11	0.00326285
6.40188e-11	0.00334645
6.43522e-11	0.00343146
6.46856e-11	0.00351789
6.50191e-11	0.00360575
6.53525e-11	0.00369505
6.56859e-11	0.0037858
6.60194e-11	0.00387801
6.63528e-11	0.00397168
6.66862e-11	0.00406684
6.70197e-11	0.00416348
6.73531e-11	0.00426162
6.76865e-11	0.00436126
6.802e-11	0.00446241
6.83534e-11	0.00456508
6.86868e-11	0.00466927
6.90203e-11	0.004775
6.93537e-11	0.00488227
6.96871e-11	0.00499108
7.00205e-11	0.00510145
7.0354e-11	0.00521337
7.06874e-11	0.00532685
7.10208e-11	0.00544189
7.13543e-11	0.00555851
7.16877e-11	0.0056767
7.20211e-11	0.00579646
7.23546e-11	0.00591781
7.2688e-11	0.00604073
7.30214e-11	0.00616523
7.33549e-11	0.00629132
7.36883e-11	0.00641899
7.40217e-11	0.00654824
7.43552e-11	0.00667908
7.46886e-11	0.00681149
7.5022e-11	0.00694548
7.53554e-11	0.00708105
7.56889e-11	0.0072182
7.60223e-11	0.00735691
7.63557e-11	0.00749719
7.66892e-11	0.00763902
7.70226e-11	0.00778241
7.7356e-11	0.00792735
7.76895e-11	0.00807382
7.80229e-11	0.00822183
7.83563e-11	0.00837136
7.86898e-11	0.0085224
7.90232e-11	0.00867494
7.93566e-11	0.00882898
7.969e-11	0.00898449
8.00235e-11	0.00914147
8.03569e-11	0.0092999
8.06903e-11	0.00945977
8.10238e-11	0.00962107
8.13572e-11	0.00978376
8.16906e-11	0.00994785
8.20241e-11	0.0101133
8.23575e-11	0.0102801
8.26909e-11	0.0104482
8.30244e-11	0.0106177
8.33578e-11	0.0107884
8.36912e-11	0.0109604
8.40247e-11	0.0111337
8.43581e-11	0.0113081
8.46915e-11	0.0114838
8.50249e-11	0.0116606
8.53584e-11	0.0118385
8.56918e-11	0.0120175
8.60252e-11	0.0121976
8.63587e-11	0.0123788
8.66921e-11	0.0125609
8.70255e-11	0.012744
8.7359e-11	0.0129281
8.76924e-11	0.013113
8.80258e-11	0.0132988
8.83593e-11	0.0134855
8.86927e-11	0.0136729
8.90261e-11	0.013861
8.93596e-11	0.0140499
8.9693e-11	0.0142394
9.00264e-11	0.0144295
9.03598e-11	0.0146201
9.06933e-11	0.0148113
9.10267e-11	0.0150029
9.13601e-11	0.0151949
9.16936e-11	0.0153873
9.2027e-11	0.01558
9.23604e-11	0.0157729
9.26939e-11	0.015966
9.30273e-11	0.0161593
9.33607e-11	0.0163526
9.36942e-11	0.0165459
9.40276e-11	0.0167392
9.4361e-11	0.0169323
9.46945e-11	0.0171252
9.50279e-11	0.0173179
9.53613e-11	0.0175103
9.56947e-11	0.0177022
9.60282e-11	0.0178937
9.63616e-11	0.0180847
9.6695e-11	0.018275
9.70285e-11	0.0184647
9.73619e-11	0.0186535
9.76953e-11	0.0188415
9.80288e-11	0.0190286
9.83622e-11	0.0192146
9.86956e-11	0.0193995
9.90291e-11	0.0195833
9.93625e-11	0.0197657
9.96959e-11	0.0199468
1.00029e-10	0.0201264
1.00363e-10	0.0203044
1.00696e-10	0.0204808
1.0103e-10	0.0206554
1.01363e-10	0.0208281
1.01697e-10	0.0209989
1.0203e-10	0.0211677
1.02363e-10	0.0213342
1.02697e-10	0.0214985
1.0303e-10	0.0216604
1.03364e-10	0.0218199
1.03697e-10	0.0219767
1.04031e-10	0.0221308
1.04364e-10	0.022282
1.04697e-10	0.0224303
1.05031e-10	0.0225756
1.05364e-10	0.0227176
1.05698e-10	0.0228564
1.06031e-10	0.0229917
1.06365e-10	0.0231234
1.06698e-10	0.0232515
1.07031e-10	0.0233757
1.07365e-10	0.023496
1.07698e-10	0.0236122
1.08032e-10	0.0237242
1.08365e-10	0.0238318
1.08699e-10	0.0239349
1.09032e-10	0.0240334
1.09365e-10	0.0241271
1.09699e-10	0.0242159
1.10032e-10	0.0242997
1.10366e-10	0.0243782
1.10699e-10	0.0244514
1.11033e-10	0.024519
1.11366e-10	0.024581
1.11699e-10	0.0246372
1.12033e-10	0.0246874
1.12366e-10	0.0247315
1.127e-10	0.0247693
1.13033e-10	0.0248007
1.13367e-10	0.0248254
1.137e-10	0.0248434
1.14033e-10	0.0248545
1.14367e-10	0.0248585
1.147e-10	0.0248552
1.15034e-10	0.0248444
1.15367e-10	0.0248261
1.15701e-10	0.0248
1.16034e-10	0.024766
1.16367e-10	0.0247238
1.16701e-10	0.0246733
1.17034e-10	0.0246144
1.17368e-10	0.0245469
1.17701e-10	0.0244705
1.18035e-10	0.024385
1.18368e-10	0.0242905
1.18701e-10	0.0241865
1.19035e-10	0.024073
1.19368e-10	0.0239497
1.19702e-10	0.0238166
1.20035e-10	0.0236733
1.20369e-10	0.0235197
1.20702e-10	0.0233556
1.21036e-10	0.0231809
1.21369e-10	0.0229953
1.21702e-10	0.0227987
1.22036e-10	0.0225908
1.22369e-10	0.0223715
1.22703e-10	0.0221406
1.23036e-10	0.0218978
1.2337e-10	0.021643
1.23703e-10	0.021376
1.24036e-10	0.0210967
1.2437e-10	0.0208047
1.24703e-10	0.0205
1.25037e-10	0.0201822
1.2537e-10	0.0198513
1.25704e-10	0.019507
1.26037e-10	0.0191492
1.2637e-10	0.0187776
1.26704e-10	0.018392
1.27037e-10	0.0179923
1.27371e-10	0.0175782
1.27704e-10	0.0171496
1.28038e-10	0.0167062
1.28371e-10	0.016248
1.28704e-10	0.0157746
1.29038e-10	0.0152858
1.29371e-10	0.0147816
1.29705e-10	0.0142617
1.30038e-10	0.0137259
1.30372e-10	0.013174
1.30705e-10	0.0126058
1.31038e-10	0.0120212
1.31372e-10	0.0114199
1.31705e-10	0.0108018
1.32039e-10	0.0101667
1.32372e-10	0.00951442
1.32706e-10	0.00884472
1.33039e-10	0.00815746
1.33372e-10	0.00745246
1.33706e-10	0.00672954
1.34039e-10	0.00598852
1.34373e-10	0.00522923
1.34706e-10	0.00445149
1.3504e-10	0.00365514
1.35373e-10	0.00284
1.35706e-10	0.00200592
1.3604e-10	0.00115271
1.36373e-10	0.000280231
1.36707e-10	-0.00061169
1.3704e-10	-0.00152321
1.37374e-10	-0.00245448
1.37707e-10	-0.00340565
1.38041e-10	-0.00437688
1.38374e-10	-0.00536831
1.38707e-10	-0.00638008
1.39041e-10	-0.00741234
1.39374e-10	-0.00846523
1.39708e-10	-0.00953888
1.40041e-10	-0.0106334
1.40375e-10	-0.011749
1.40708e-10	-0.0128857
1.41041e-10	-0.0140437
1.41375e-10	-0.015223
1.41708e-10	-0.0164239
1.42042e-10	-0.0176464
1.42375e-10	-0.0188906
1.42709e-10	-0.0201566
1.43042e-10	-0.0214445
1.43375e-10	-0.0227545
1.43709e-10	-0.0240866
1.44042e-10	-0.0254408
1.44376e-10	-0.0268173
1.44709e-10	-0.0282162
1.45043e-10	-0.0296375
1.45376e-10	-0.0310813
1.45709e-10	-0.0325476
1.46043e-10	-0.0340365
1.46376e-10	-0.0355481
1.4671e-10	-0.0370824
1.47043e-10	-0.0386395
1.47377e-10	-0.0402193
1.4771e-10	-0.041822
1.48043e-10	-0.0434475
1.48377e-10	-0.0450958
1.4871e-10	-0.0467671
1.49044e-10	-0.0484612
1.49377e-10	-0.0501782
1.49711e-10	-0.0519181
1.50044e-10	-0.0536809
1.50377e-10	-0.0554666
1.50711e-10	-0.057275
1.51044e-10	-0.0591063
1.51378e-10	-0.0609604
1.51711e-10	-0.0628372
1.52045e-10	-0.0647367
1.52378e-10	-0.0666588
1.52711e-10	-0.0686035
1.53045e-10	-0.0705707
1.53378e-10	-0.0725603
1.53712e-10	-0.0745723
1.54045e-10	-0.0766065
1.54379e-10	-0.0786628
1.54712e-10	-0.0807413
1.55045e-10	-0.0828416
1.55379e-10	-0.0849638
1.55712e-10	-0.0871077
1.56046e-10	-0.0892731
1.56379e-10	-0.09146
1.56713e-10	-0.0936681
1.57046e-10	-0.0958974
1.5738e-10	-0.0981476
1.57713e-10	-0.100419
1.58046e-10	-0.10271
1.5838e-10	-0.105022
1.58713e-10	-0.107354
1.59047e-10	-0.109706
1.5938e-10	-0.112078
1.59714e-10	-0.11447
1.60047e-10	-0.116881
1.6038e-10	-0.119311
1.60714e-10	-0.121759
1.61047e-10	-0.124227
1.61381e-10	-0.126712
1.61714e-10	-0.129216
1.62048e-10	-0.131738
1.62381e-10	-0.134277
1.62714e-10	-0.136833
1.63048e-10	-0.139406
1.63381e-10	-0.141995
1.63715e-10	-0.144601
1.64048e-10	-0.147223
1.64382e-10	-0.14986
1.64715e-10	-0.152512
1.65048e-10	-0.155179
1.65382e-10	-0.157861
1.65715e-10	-0.160557
1.66049e-10	-0.163266
1.66382e-10	-0.165989
1.66716e-10	-0.168724
1.67049e-10	-0.171472
1.67382e-10	-0.174232
1.67716e-10	-0.177004
1.68049e-10	-0.179787
1.68383e-10	-0.18258
1.68716e-10	-0.185384
1.6905e-10	-0.188198
1.69383e-10	-0.19102
1.69716e-10	-0.193852
1.7005e-10	-0.196692
1.70383e-10	-0.199539
1.70717e-10	-0.202394
1.7105e-10	-0.205256
1.71384e-10	-0.208124
1.71717e-10	-0.210997
1.7205e-10	-0.213876
1.72384e-10	-0.216759
1.72717e-10	-0.219647
1.73051e-10	-0.222537
1.73384e-10	-0.225431
1.73718e-10	-0.228326
1.74051e-10	-0.231224
1.74385e-10	-0.234122
1.74718e-10	-0.237021
1.75051e-10	-0.239919
1.75385e-10	-0.242817
1.75718e-10	-0.245713
1.76052e-10	-0.248607
1.76385e-10	-0.251498
1.76719e-10	-0.254385
1.77052e-10	-0.257269
1.77385e-10	-0.260147
1.77719e-10	-0.26302
1.78052e-10	-0.265887
1.78386e-10	-0.268746
1.78719e-10	-0.271598
1.79053e-10	-0.274442
1.79386e-10	-0.277276
1.79719e-10	-0.280101
1.80053e-10	-0.282915
1.80386e-10	-0.285718
1.8072e-10	-0.288508
1.81053e-10	-0.291286
1.81387e-10	-0.29405
1.8172e-10	-0.296799
1.82053e-10	-0.299534
1.82387e-10	-0.302252
1.8272e-10	-0.304954
1.83054e-10	-0.307638
1.83387e-10	-0.310303
1.83721e-10	-0.31295
1.84054e-10	-0.315576
1.84387e-10	-0.318181
1.84721e-10	-0.320765
1.85054e-10	-0.323327
1.85388e-10	-0.325865
1.85721e-10	-0.328379
1.86055e-10	-0.330867
1.86388e-10	-0.333331
1.86721e-10	-0.335767
1.87055e-10	-0.338176
1.87388e-10	-0.340556
1.87722e-10	-0.342907
1.88055e-10	-0.345228
1.88389e-10	-0.347518
1.88722e-10	-0.349776
1.89055e-10	-0.352002
1.89389e-10	-0.354193
1.89722e-10	-0.356351
1.90056e-10	-0.358473
1.90389e-10	-0.360558
1.90723e-10	-0.362607
1.91056e-10	-0.364618
1.91389e-10	-0.366589
1.91723e-10	-0.368521
1.92056e-10	-0.370413
1.9239e-10	-0.372263
1.92723e-10	-0.37407
1.93057e-10	-0.375835
1.9339e-10	-0.377555
1.93724e-10	-0.37923
1.94057e-10	-0.380859
1.9439e-10	-0.382441
1.94724e-10	-0.383976
1.95057e-10	-0.385463
1.95391e-10	-0.3869
1.95724e-10	-0.388286
1.96058e-10	-0.389622
1.96391e-10	-0.390905
1.96724e-10	-0.392136
1.97058e-10	-0.393313
1.97391e-10	-0.394436
1.97725e-10	-0.395503
1.98058e-10	-0.396514
1.98392e-10	-0.397468
1.98725e-10	-0.398364
1.99058e-10	-0.399202
1.99392e-10	-0.39998
1.99725e-10	-0.400697
2.00059e-10	-0.401353
2.00392e-10	-0.401948
2.00726e-10	-0.40248
2.01059e-10	-0.402948
2.01392e-10	-0.403352
2.01726e-10	-0.40369
2.02059e-10	-0.403963
2.02393e-10	-0.404169
2.02726e-10	-0.404308
2.0306e-10	-0.404379
2.03393e-10	-0.404381
2.03726e-10	-0.404314
2.0406e-10	-0.404176
2.04393e-10	-0.403967
2.04727e-10	-0.403686
2.0506e-10	-0.403334
2.05394e-10	-0.402908
2.05727e-10	-0.402408
2.0606e-10	-0.401834
2.06394e-10	-0.401185
2.06727e-10	-0.400461
2.07061e-10	-0.39966
2.07394e-10	-0.398783
2.07728e-10	-0.397828
2.08061e-10	-0.396795
2.08394e-10	-0.395684
2.08728e-10	-0.394493
2.09061e-10	-0.393223
2.09395e-10	-0.391872
2.09728e-10	-0.390441
2.10062e-10	-0.388929
2.10395e-10	-0.387335
2.10728e-10	-0.385659
2.11062e-10	-0.3839
2.11395e-10	-0.382059
2.11729e-10	-0.380134
2.12062e-10	-0.378125
2.12396e-10	-0.376031
2.12729e-10	-0.373854
2.13063e-10	-0.371591
2.13396e-10	-0.369243
2.13729e-10	-0.366809
2.14063e-10	-0.36429
2.14396e-10	-0.361684
2.1473e-10	-0.358992
2.15063e-10	-0.356213
2.15397e-10	-0.353347
2.1573e-10	-0.350393
2.16063e-10	-0.347353
2.16397e-10	-0.344225
2.1673e-10	-0.341009
2.17064e-10	-0.337705
2.17397e-10	-0.334314
2.17731e-10	-0.330834
2.18064e-10	-0.327266
2.18397e-10	-0.32361
2.18731e-10	-0.319866
2.19064e-10	-0.316033
2.19398e-10	-0.312112
2.19731e-10	-0.308103
2.20065e-10	-0.304005
2.20398e-10	-0.29982
2.20731e-10	-0.295546
2.21065e-10	-0.291184
2.21398e-10	-0.286735
2.21732e-10	-0.282197
2.22065e-10	-0.277573
2.22399e-10	-0.27286
2.22732e-10	-0.268061
2.23065e-10	-0.263175
2.23399e-10	-0.258202
2.23732e-10	-0.253143
2.24066e-10	-0.247997
2.24399e-10	-0.242766
2.24733e-10	-0.237449
2.25066e-10	-0.232047
2.25399e-10	-0.226561
2.25733e-10	-0.22099
2.26066e-10	-0.215336
2.264e-10	-0.209598
2.26733e-10	-0.203777
2.27067e-10	-0.197873
2.274e-10	-0.191888
2.27733e-10	-0.185821
2.28067e-10	-0.179674
2.284e-10	-0.173446
2.28734e-10	-0.167138
2.29067e-10	-0.160752
2.29401e-10	-0.154287
2.29734e-10	-0.147745
2.30068e-10	-0.141125
2.30401e-10	-0.13443
2.30734e-10	-0.127658
2.31068e-10	-0.120813
2.31401e-10	-0.113893
2.31735e-10	-0.1069
2.32068e-10	-0.0998342
2.32402e-10	-0.0926973
2.32735e-10	-0.0854898
2.33068e-10	-0.0782126
2.33402e-10	-0.0708666
2.33735e-10	-0.0634528
2.34069e-10	-0.055972
2.34402e-10	-0.0484253
2.34736e-10	-0.0408137
2.35069e-10	-0.0331382
2.35402e-10	-0.0253999
2.35736e-10	-0.0175997
2.36069e-10	-0.00973881
2.36403e-10	-0.0018183
2.36736e-10	0.00616069
2.3707e-10	0.014197
2.37403e-10	0.0222896
2.37736e-10	0.0304371
2.3807e-10	0.0386385
2.38403e-10	0.0468924
2.38737e-10	0.0551977
2.3907e-10	0.0635531
2.39404e-10	0.0719573
2.39737e-10	0.080409
2.4007e-10	0.0889069
2.40404e-10	0.0974498
2.40737e-10	0.106036
2.41071e-10	0.114665
2.41404e-10	0.123334
2.41738e-10	0.132043
2.42071e-10	0.140789
2.42404e-10	0.149573
2.42738e-10	0.158391
2.43071e-10	0.167243
2.43405e-10	0.176128
2.43738e-10	0.185043
2.44072e-10	0.193987
2.44405e-10	0.202959
2.44738e-10	0.211957
2.45072e-10	0.220979
2.45405e-10	0.230025
2.45739e-10	0.239092
2.46072e-10	0.248179
2.46406e-10	0.257284
2.46739e-10	0.266406
2.47072e-10	0.275544
2.47406e-10	0.284694
2.47739e-10	0.293857
2.48073e-10	0.303029
2.48406e-10	0.31221
2.4874e-10	0.321398
2.49073e-10	0.330591
2.49407e-10	0.339788
2.4974e-10	0.348986
2.50073e-10	0.358185
2.50407e-10	0.367382
2.5074e-10	0.376576
2.51074e-10	0.385764
2.51407e-10	0.394946
2.51741e-10	0.404119
2.52074e-10	0.413283
2.52407e-10	0.422434
2.52741e-10	0.431571
2.53074e-10	0.440693
2.53408e-10	0.449798
2.53741e-10	0.458884
2.54075e-10	0.467949
2.54408e-10	0.476992
2.54741e-10	0.48601
2.55075e-10	0.495003
2.55408e-10	0.503967
2.55742e-10	0.512903
2.56075e-10	0.521806
2.56409e-10	0.530677
2.56742e-10	0.539513
2.57075e-10	0.548313
2.57409e-10	0.557074
2.57742e-10	0.565795
2.58076e-10	0.574475
2.58409e-10	0.58311
2.58743e-10	0.591701
2.59076e-10	0.600244
2.59409e-10	0.608739
2.59743e-10	0.617183
2.60076e-10	0.625575
2.6041e-10	0.633913
2.60743e-10	0.642196
2.61077e-10	0.650421
2.6141e-10	0.658587
2.61743e-10	0.666692
2.62077e-10	0.674735
2.6241e-10	0.682714
2.62744e-10	0.690628
2.63077e-10	0.698474
2.63411e-10	0.70625
2.63744e-10	0.713957
2.64077e-10	0.721591
2.64411e-10	0.729151
2.64744e-10	0.736636
2.65078e-10	0.744044
2.65411e-10	0.751373
2.65745e-10	0.758623
2.66078e-10	0.76579
2.66412e-10	0.772875
2.66745e-10	0.779875
2.67078e-10	0.786789
2.67412e-10	0.793615
2.67745e-10	0.800352
2.68079e-10	0.806998
2.68412e-10	0.813553
2.68746e-10	0.820014
2.69079e-10	0.826381
2.69412e-10	0.832652
2.69746e-10	0.838825
2.70079e-10	0.844899
2.70413e-10	0.850873
2.70746e-10	0.856746
2.7108e-10	0.862517
2.71413e-10	0.868183
2.71746e-10	0.873744
2.7208e-10	0.879199
2.72413e-10	0.884547
2.72747e-10	0.889785
2.7308e-10	0.894914
2.73414e-10	0.899932
2.73747e-10	0.904838
2.7408e-10	0.909631
2.74414e-10	0.91431
2.74747e-10	0.918874
2.75081e-10	0.923321
2.75414e-10	0.927651
2.75748e-10	0.931863
2.76081e-10	0.935957
2.76414e-10	0.93993
2.76748e-10	0.943782
2.77081e-10	0.947513
2.77415e-10	0.951121
2.77748e-10	0.954606
2.78082e-10	0.957967
2.78415e-10	0.961203
2.78748e-10	0.964314
2.79082e-10	0.967299
2.79415e-10	0.970156
2.79749e-10	0.972887
2.80082e-10	0.975489
2.80416e-10	0.977962
2.80749e-10	0.980306
2.81082e-10	0.982521
2.81416e-10	0.984605
2.81749e-10	0.986559
2.82083e-10	0.988381
2.82416e-10	0.990072
2.8275e-10	0.991631
2.83083e-10	0.993058
2.83416e-10	0.994352
2.8375e-10	0.995514
2.84083e-10	0.996542
2.84417e-10	0.997437
2.8475e-10	0.998199
2.85084e-10	0.998826
2.85417e-10	0.99932
2.85751e-10	0.99968
2.86084e-10	0.999906
2.86417e-10	0.999998
2.86751e-10	0.999955
2.87084e-10	0.999779
2.87418e-10	0.999469
2.87751e-10	0.999024
2.88085e-10	0.998446
2.88418e-10	0.997734
2.88751e-10	0.996888
2.89085e-10	0.995909
2.89418e-10	0.994796
2.89752e-10	0.993551
2.90085e-10	0.992173
2.90419e-10	0.990663
2.90752e-10	0.989021
2.91085e-10	0.987247
2.91419e-10	0.985341
2.91752e-10	0.983305
2.92086e-10	0.981139
2.92419e-10	0.978842
2.92753e-10	0.976416
2.93086e-10	0.973862
2.93419e-10	0.971179
2.93753e-10	0.968368
2.94086e-10	0.96543
2.9442e-10	0.962366
2.94753e-10	0.959176
2.95087e-10	0.955861
2.9542e-10	0.952422
2.95753e-10	0.948859
2.96087e-10	0.945173
2.9642e-10	0.941366
2.96754e-10	0.937437
2.97087e-10	0.933388
2.97421e-10	0.929219
2.97754e-10	0.924933
2.98087e-10	0.920528
2.98421e-10	0.916008
2.98754e-10	0.911371
2.99088e-10	0.90662
2.99421e-10	0.901756
2.99755e-10	0.896779
3.00088e-10	0.891691
3.00421e-10	0.886493
3.00755e-10	0.881185
3.01088e-10	0.87577
3.01422e-10	0.870247
3.01755e-10	0.86462
3.02089e-10	0.858888
3.02422e-10	0.853052
3.02756e-10	0.847115
3.03089e-10	0.841078
3.03422e-10	0.834941
3.03756e-10	0.828706
3.04089e-10	0.822375
3.04423e-10	0.815948
3.04756e-10	0.809428
3.0509e-10	0.802815
3.05423e-10	0.796111
3.05756e-10	0.789318
3.0609e-10	0.782436
3.06423e-10	0.775468
3.06757e-10	0.768415
3.0709e-10	0.761277
3.07424e-10	0.754058
3.07757e-10	0.746758
3.0809e-10	0.739379
3.08424e-10	0.731922
3.08757e-10	0.72439
3.09091e-10	0.716783
3.09424e-10	0.709103
3.09758e-10	0.701352
3.10091e-10	0.693531
3.10424e-10	0.685642
3.10758e-10	0.677687
3.11091e-10	0.669668
3.11425e-10	0.661585
3.11758e-10	0.653441
3.12092e-10	0.645238
3.12425e-10	0.636976
3.12758e-10	0.628659
3.13092e-10	0.620286
3.13425e-10	0.611861
3.13759e-10	0.603385
3.14092e-10	0.594859
3.14426e-10	0.586286
3.14759e-10	0.577667
3.15092e-10	0.569003
3.15426e-10	0.560297
3.15759e-10	0.551551
3.16093e-10	0.542765
3.16426e-10	0.533942
3.1676e-10	0.525084
3.17093e-10	0.516192
3.17426e-10	0.507268
3.1776e-10	0.498314
3.18093e-10	0.489332
3.18427e-10	0.480323
3.1876e-10	0.471289
3.19094e-10	0.462232
3.19427e-10	0.453153
3.1976e-10	0.444055
3.20094e-10	0.434939
3.20427e-10	0.425807
3.20761e-10	0.416661
3.21094e-10	0.407502
3.21428e-10	0.398332
3.21761e-10	0.389153
3.22095e-10	0.379967
3.22428e-10	0.370775
3.22761e-10	0.361579
3.23095e-10	0.352381
3.23428e-10	0.343182
3.23762e-10	0.333985
3.24095e-10	0.32479
3.24429e-10	0.3156
3.24762e-10	0.306416
3.25095e-10	0.29724
3.25429e-10	0.288074
3.25762e-10	0.278919
3.26096e-10	0.269777
3.26429e-10	0.260649
3.26763e-10	0.251537
3.27096e-10	0.242443
3.27429e-10	0.233368
3.27763e-10	0.224315
3.28096e-10	0.215283
3.2843e-10	0.206276
3.28763e-10	0.197294
3.29097e-10	0.18834
3.2943e-10	0.179414
3.29763e-10	0.170518
3.30097e-10	0.161654
3.3043e-10	0.152823
3.30764e-10	0.144027
3.31097e-10	0.135266
3.31431e-10	0.126543
3.31764e-10	0.117859
3.32097e-10	0.109215
3.32431e-10	0.100613
3.32764e-10	0.0920543
3.33098e-10	0.0835397
3.33431e-10	0.0750707
3.33765e-10	0.0666488
3.34098e-10	0.0582753
3.34431e-10	0.0499514
3.34765e-10	0.0416783
3.35098e-10	0.0334574
3.35432e-10	0.0252899
3.35765e-10	0.0171769
3.36099e-10	0.00911971
3.36432e-10	0.00111942
3.36765e-10	-0.0068228
3.37099e-10	-0.0147058
3.37432e-10	-0.0225285
3.37766e-10	-0.0302898
3.38099e-10	-0.0379887
3.38433e-10	-0.045624
3.38766e-10	-0.0531947
3.39099e-10	-0.0606999
3.39433e-10	-0.0681386
3.39766e-10	-0.0755097
3.401e-10	-0.0828124
3.40433e-10	-0.0900457
3.40767e-10	-0.0972087
3.411e-10	-0.104301
3.41434e-10	-0.11132
3.41767e-10	-0.118267
3.421e-10	-0.125141
3.42434e-10	-0.13194
3.42767e-10	-0.138663
3.43101e-10	-0.145311
3.43434e-10	-0.151882
3.43768e-10	-0.158375
3.44101e-10	-0.164791
3.44434e-10	-0.171127
3.44768e-10	-0.177385
3.45101e-10	-0.183562
3.45435e-10	-0.189658
3.45768e-10	-0.195674
3.46102e-10	-0.201608
3.46435e-10	-0.207459
3.46768e-10	-0.213228
3.47102e-10	-0.218913
3.47435e-10	-0.224515
3.47769e-10	-0.230033
3.48102e-10	-0.235466
3.48436e-10	-0.240814
3.48769e-10	-0.246077
3.49102e-10	-0.251254
3.49436e-10	-0.256345
3.49769e-10	-0.26135
3.50103e-10	-0.266268
3.50436e-10	-0.2711
3.5077e-10	-0.275844
3.51103e-10	-0.280501
3.51436e-10	-0.285071
3.5177e-10	-0.289553
3.52103e-10	-0.293947
3.52437e-10	-0.298253
3.5277e-10	-0.302471
3.53104e-10	-0.306601
3.53437e-10	-0.310643
3.5377e-10	-0.314596
3.54104e-10	-0.318462
3.54437e-10	-0.322238
3.54771e-10	-0.325927
3.55104e-10	-0.329528
3.55438e-10	-0.33304
3.55771e-10	-0.336464
3.56104e-10	-0.3398
3.56438e-10	-0.343048
3.56771e-10	-0.346209
3.57105e-10	-0.349282
3.57438e-10	-0.352267
3.57772e-10	-0.355165
3.58105e-10	-0.357976
3.58439e-10	-0.3607
3.58772e-10	-0.363338
3.59105e-10	-0.365889
3.59439e-10	-0.368355
3.59772e-10	-0.370734
3.60106e-10	-0.373029
3.60439e-10	-0.375238
3.60773e-10	-0.377362
3.61106e-10	-0.379402
3.61439e-10	-0.381358
3.61773e-10	-0.38323
3.62106e-10	-0.38502
3.6244e-10	-0.386726
3.62773e-10	-0.38835
3.63107e-10	-0.389893
3.6344e-10	-0.391354
3.63773e-10	-0.392734
3.64107e-10	-0.394033
3.6444e-10	-0.395253
3.64774e-10	-0.396394
3.65107e-10	-0.397456
3.65441e-10	-0.398439
3.65774e-10	-0.399345
3.66107e-10	-0.400174
3.66441e-10	-0.400927
3.66774e-10	-0.401604
3.67108e-10	-0.402205
3.67441e-10	-0.402732
3.67775e-10	-0.403185
3.68108e-10	-0.403565
3.68441e-10	-0.403872
3.68775e-10	-0.404107
3.69108e-10	-0.404271
3.69442e-10	-0.404364
3.69775e-10	-0.404388
3.70109e-10	-0.404343
3.70442e-10	-0.404229
3.70775e-10	-0.404047
3.71109e-10	-0.403799
3.71442e-10	-0.403484
3.71776e-10	-0.403104
3.72109e-10	-0.40266
3.72443e-10	-0.402151
3.72776e-10	-0.40158
3.73109e-10	-0.400946
3.73443e-10	-0.400251
3.73776e-10	-0.399496
3.7411e-10	-0.39868
3.74443e-10	-0.397806
3.74777e-10	-0.396873
3.7511e-10	-0.395883
3.75443e-10	-0.394836
3.75777e-10	-0.393734
3.7611e-10	-0.392577
3.76444e-10	-0.391366
3.76777e-10	-0.390102
3.77111e-10	-0.388785
3.77444e-10	-0.387417
3.77778e-10	-0.385999
3.78111e-10	-0.384531
3.78444e-10	-0.383013
3.78778e-10	-0.381449
3.79111e-10	-0.379836
3.79445e-10	-0.378178
3.79778e-10	-0.376474
3.80112e-10	-0.374726
3.80445e-10	-0.372935
3.80778e-10	-0.3711
3.81112e-10	-0.369224
3.81445e-10	-0.367307
3.81779e-10	-0.36535
3.82112e-10	-0.363353
3.82446e-10	-0.361319
3.82779e-10	-0.359247
3.83112e-10	-0.357138
3.83446e-10	-0.354993
3.83779e-10	-0.352814
3.84113e-10	-0.350601
3.84446e-10	-0.348355
3.8478e-10	-0.346077
3.85113e-10	-0.343767
3.85446e-10	-0.341427
3.8578e-10	-0.339057
3.86113e-10	-0.336659
3.86447e-10	-0.334233
3.8678e-10	-0.331779
3.87114e-10	-0.3293
3.87447e-10	-0.326795
3.8778e-10	-0.324266
3.88114e-10	-0.321713
3.88447e-10	-0.319138
3.88781e-10	-0.31654
3.89114e-10	-0.313921
3.89448e-10	-0.311282
3.89781e-10	-0.308623
3.90114e-10	-0.305946
3.90448e-10	-0.303251
3.90781e-10	-0.300539
3.91115e-10	-0.29781
3.91448e-10	-0.295066
3.91782e-10	-0.292308
3.92115e-10	-0.289535
3.92448e-10	-0.286749
3.92782e-10	-0.283951
3.93115e-10	-0.281141
3.93449e-10	-0.27832
3.93782e-10	-0.275489
3.94116e-10	-0.272649
3.94449e-10	-0.2698
3.94783e-10	-0.266943
3.95116e-10	-0.264079
3.95449e-10	-0.261208
3.95783e-10	-0.258331
3.96116e-10	-0.25545
3.9645e-10	-0.252564
3.96783e-10	-0.249674
3.97117e-10	-0.246781
3.9745e-10	-0.243886
3.97783e-10	-0.240988
3.98117e-10	-0.23809
3.9845e-10	-0.235192
3.98784e-10	-0.232293
3.99117e-10	-0.229395
3.99451e-10	-0.226499
3.99784e-10	-0.223605
4.00117e-10	-0.220713
4.00451e-10	-0.217824
4.00784e-10	-0.21494
4.01118e-10	-0.212059
4.01451e-10	-0.209184
4.01785e-10	-0.206314
4.02118e-10	-0.20345
4.02451e-10	-0.200592
4.02785e-10	-0.197742
4.03118e-10	-0.194899
4.03452e-10	-0.192064
4.03785e-10	-0.189238
4.04119e-10	-0.186421
4.04452e-10	-0.183614
4.04785e-10	-0.180817
4.05119e-10	-0.17803
4.05452e-10	-0.175254
4.05786e-10	-0.17249
4.06119e-10	-0.169737
4.06453e-10	-0.166997
4.06786e-10	-0.164269
4.07119e-10	-0.161555
4.07453e-10	-0.158854
4.07786e-10	-0.156167
4.0812e-10	-0.153495
4.08453e-10	-0.150837
4.08787e-10	-0.148194
4.0912e-10	-0.145567
4.09453e-10	-0.142955
4.09787e-10	-0.140359
4.1012e-10	-0.13778
4.10454e-10	-0.135218
4.10787e-10	-0.132673
4.11121e-10	-0.130145
4.11454e-10	-0.127634
4.11787e-10	-0.125142
4.12121e-10	-0.122668
4.12454e-10	-0.120212
4.12788e-10	-0.117775
4.13121e-10	-0.115357
4.13455e-10	-0.112959
4.13788e-10	-0.110579
4.14122e-10	-0.10822
4.14455e-10	-0.10588
4.14788e-10	-0.103561
4.15122e-10	-0.101262
4.15455e-10	-0.0989832
4.15789e-10	-0.0967253
4.16122e-10	-0.0944883
4.16456e-10	-0.0922724
4.16789e-10	-0.0900777
4.17122e-10	-0.0879043
4.17456e-10	-0.0857524
4.17789e-10	-0.0836222
4.18123e-10	-0.0815138
4.18456e-10	-0.0794273
4.1879e-10	-0.0773627
4.19123e-10	-0.0753203
4.19456e-10	-0.0733002
4.1979e-10	-0.0713023
4.20123e-10	-0.0693268
4.20457e-10	-0.0673738
4.2079e-10	-0.0654434
4.21124e-10	-0.0635355
4.21457e-10	-0.0616503
4.2179e-10	-0.0597879
4.22124e-10	-0.0579482
4.22457e-10	-0.0561313
4.22791e-10	-0.0543372
4.23124e-10	-0.052566
4.23458e-10	-0.0508176
4.23791e-10	-0.0490922
4.24124e-10	-0.0473896
4.24458e-10	-0.0457099
4.24791e-10	-0.0440531
4.25125e-10	-0.0424192
4.25458e-10	-0.0408081
4.25792e-10	-0.0392198
4.26125e-10	-0.0376544
4.26458e-10	-0.0361117
4.26792e-10	-0.0345917
4.27125e-10	-0.0330944
4.27459e-10	-0.0316198
4.27792e-10	-0.0301677
4.28126e-10	-0.0287381
4.28459e-10	-0.0273309
4.28792e-10	-0.0259462
4.29126e-10	-0.0245837
4.29459e-10	-0.0232435
4.29793e-10	-0.0219254
4.30126e-10	-0.0206293
4.3046e-10	-0.0193552
4.30793e-10	-0.018103
4.31127e-10	-0.0168725
4.3146e-10	-0.0156637
4.31793e-10	-0.0144764
4.32127e-10	-0.0133105
4.3246e-10	-0.012166
4.32794e-10	-0.0110426
4.33127e-10	-0.00994036
4.33461e-10	-0.00885901
4.33794e-10	-0.00779848
4.34127e-10	-0.00675862
4.34461e-10	-0.0057393
4.34794e-10	-0.00474038
4.35128e-10	-0.00376172
4.35461e-10	-0.00280316
4.35795e-10	-0.00186456
4.36128e-10	-0.000945775
4.36461e-10	-4.66405e-05
4.36795e-10	0.000832996
4.37128e-10	0.0016933
4.37462e-10	0.00253442
4.37795e-10	0.00335653
4.38129e-10	0.00415979
4.38462e-10	0.00494438
4.38795e-10	0.00571046
4.39129e-10	0.0064582
4.39462e-10	0.00718778
4.39796e-10	0.00789937
4.40129e-10	0.00859316
4.40463e-10	0.00926931
4.40796e-10	0.00992802
4.41129e-10	0.0105695
4.41463e-10	0.0111938
4.41796e-10	0.0118013
4.4213e-10	0.012392
4.42463e-10	0.0129662
4.42797e-10	0.0135241
4.4313e-10	0.0140658
4.43463e-10	0.0145916
4.43797e-10	0.0151016
4.4413e-10	0.015596
4.44464e-10	0.016075
4.44797e-10	0.0165389
4.45131e-10	0.0169877
4.45464e-10	0.0174217
4.45797e-10	0.0178411
4.46131e-10	0.0182461
4.46464e-10	0.0186369
4.46798e-10	0.0190137
4.47131e-10	0.0193766
4.47465e-10	0.0197258
4.47798e-10	0.0200617
4.48131e-10	0.0203842
4.48465e-10	0.0206937
4.48798e-10	0.0209904
4.49132e-10	0.0212744
4.49465e-10	0.0215459
4.49799e-10	0.0218052
4.50132e-10	0.0220524
4.50466e-10	0.0222876
4.50799e-10	0.0225112
4.51132e-10	0.0227233
4.51466e-10	0.0229241
4.51799e-10	0.0231137
4.52133e-10	0.0232924
4.52466e-10	0.0234604
4.528e-10	0.0236178
4.53133e-10	0.0237649
4.53466e-10	0.0239018
4.538e-10	0.0240286
4.54133e-10	0.0241457
4.54467e-10	0.0242532
4.548e-10	0.0243512
4.55134e-10	0.02444
4.55467e-10	0.0245197
4.558e-10	0.0245905
4.56134e-10	0.0246526
4.56467e-10	0.0247062
4.56801e-10	0.0247514
4.57134e-10	0.0247884
4.57468e-10	0.0248174
4.57801e-10	0.0248386
4.58134e-10	0.0248521
4.58468e-10	0.0248581
4.58801e-10	0.0248568
4.59135e-10	0.0248483
4.59468e-10	0.0248329
4.59802e-10	0.0248106
4.60135e-10	0.0247816
4.60468e-10	0.0247462
4.60802e-10	0.0247044
4.61135e-10	0.0246564
4.61469e-10	0.0246024
4.61802e-10	0.0245426
4.62136e-10	0.024477
4.62469e-10	0.0244058
4.62802e-10	0.0243293
4.63136e-10	0.0242474
4.63469e-10	0.0241605
4.63803e-10	0.0240686
4.64136e-10	0.0239718
4.6447e-10	0.0238704
4.64803e-10	0.0237644
4.65136e-10	0.023654
4.6547e-10	0.0235394
4.65803e-10	0.0234206
4.66137e-10	0.0232978
4.6647e-10	0.0231711
4.66804e-10	0.0230407
4.67137e-10	0.0229067
4.67471e-10	0.0227692
4.67804e-10	0.0226284
4.68137e-10	0.0224843
4.68471e-10	0.0223371
4.68804e-10	0.0221869
4.69138e-10	0.0220339
4.69471e-10	0.021878
4.69805e-10	0.0217196
4.70138e-10	0.0215586
4.70471e-10	0.0213951
4.70805e-10	0.0212294
4.71138e-10	0.0210615
4.71472e-10	0.0208914
4.71805e-10	0.0207194
4.72139e-10	0.0205454
4.72472e-10	0.0203697
4.72805e-10	0.0201923
4.73139e-10	0.0200132
4.73472e-10	0.0198327
4.73806e-10	0.0196508
4.74139e-10	0.0194675
4.74473e-10	0.019283
4.74806e-10	0.0190974
4.75139e-10	0.0189107
4.75473e-10	0.018723
4.75806e-10	0.0185344
4.7614e-10	0.0183451
4.76473e-10	0.018155
4.76807e-10	0.0179643
4.7714e-10	0.017773
4.77473e-10	0.0175812
4.77807e-10	0.017389
4.7814e-10	0.0171964
4.78474e-10	0.0170035
4.78807e-10	0.0168104
4.79141e-10	0.0166172
4.79474e-10	0.0164239
4.79807e-10	0.0162306
4.80141e-10	0.0160373
4.80474e-10	0.0158442
4.80808e-10	0.0156512
4.81141e-10	0.0154584
4.81475e-10	0.0152659
4.81808e-10	0.0150737
4.82141e-10	0.014882
4.82475e-10	0.0146906
4.82808e-10	0.0144998
4.83142e-10	0.0143095
4.83475e-10	0.0141197
4.83809e-10	0.0139306
4.84142e-10	0.0137422
4.84475e-10	0.0135545
4.84809e-10	0.0133676
4.85142e-10	0.0131815
4.85476e-10	0.0129962
4.85809e-10	0.0128118
4.86143e-10	0.0126284
4.86476e-10	0.0124459
4.8681e-10	0.0122643
4.87143e-10	0.0120839
4.87476e-10	0.0119044
4.8781e-10	0.0117261
4.88143e-10	0.0115489
4.88477e-10	0.0113728
4.8881e-10	0.0111979
4.89144e-10	0.0110242
4.89477e-10	0.0108518
4.8981e-10	0.0106806
4.90144e-10	0.0105106
4.90477e-10	0.010342
4.90811e-10	0.0101747
4.91144e-10	0.0100087
4.91478e-10	0.00984415
4.91811e-10	0.00968094
4.92144e-10	0.00951913
4.92478e-10	0.00935873
4.92811e-10	0.00919977
4.93145e-10	0.00904225
4.93478e-10	0.00888619
4.93812e-10	0.00873161
4.94145e-10	0.00857852
4.94478e-10	0.00842692
4.94812e-10	0.00827683
4.95145e-10	0.00812826
4.95479e-10	0.00798122
4.95812e-10	0.00783572
4.96146e-10	0.00769176
4.96479e-10	0.00754935
4.96812e-10	0.00740849
4.97146e-10	0.0072692
4.97479e-10	0.00713148
4.97813e-10	0.00699533
4.98146e-10	0.00686075
4.9848e-10	0.00672776
4.98813e-10	0.00659634
4.99146e-10	0.0064665
4.9948e-10	0.00633825
4.99813e-10	0.00621158
5.00147e-10	0.00608649
5.0048e-10	0.00596298
5.00814e-10	0.00584106
5.01147e-10	0.00572071
5.0148e-10	0.00560194
5.01814e-10	0.00548475
5.02147e-10	0.00536912
5.02481e-10	0.00525506
5.02814e-10	0.00514257
5.03148e-10	0.00503163
5.03481e-10	0.00492224
5.03814e-10	0.00481441
5.04148e-10	0.00470811
5.04481e-10	0.00460335
5.04815e-10	0.00450012
5.05148e-10	0.00439841
5.05482e-10	0.00429821
5.05815e-10	0.00419952
5.06149e-10	0.00410233
5.06482e-10	0.00400663
5.06815e-10	0.0039124
5.07149e-10	0.00381965
5.07482e-10	0.00372837
5.07816e-10	0.00363854
5.08149e-10	0.00355015
5.08483e-10	0.00346319
5.08816e-10	0.00337766
5.09149e-10	0.00329354
5.09483e-10	0.00321082
5.09816e-10	0.00312949
5.1015e-10	0.00304954
5.10483e-10	0.00297096
5.10817e-10	0.00289373
5.1115e-10	0.00281785
5.11483e-10	0.00274331
5.11817e-10	0.00267008
5.1215e-10	0.00259816
5.12484e-10	0.00252754
5.12817e-10	0.00245821
5.13151e-10	0.00239014
5.13484e-10	0.00232333
5.13817e-10	0.00225777
5.14151e-10	0.00219344
5.14484e-10	0.00213033
5.14818e-10	0.00206843
5.15151e-10	0.00200771
5.15485e-10	0.00194818
5.15818e-10	0.00188982
5.16151e-10	0.00183261
5.16485e-10	0.00177654
5.16818e-10	0.00172159
5.17152e-10	0.00166776
5.17485e-10	0.00161503
5.17819e-10	0.00156338
5.18152e-10	0.00151281
5.18485e-10	0.00146329
5.18819e-10	0.00141482
5.19152e-10	0.00136738
5.19486e-10	0.00132096
5.19819e-10	0.00127554
5.20153e-10	0.00123111
5.20486e-10	0.00118766
5.20819e-10	0.00114518
5.21153e-10	0.00110364
5.21486e-10	0.00106304
5.2182e-10	0.00102336
5.22153e-10	0.000984596
5.22487e-10	0.000946725
5.2282e-10	0.000909736
5.23154e-10	0.000873618
5.23487e-10	0.000838355
5.2382e-10	0.000803937
5.24154e-10	0.000770348
5.24487e-10	0.000737577
5.24821e-10	0.00070561
5.25154e-10	0.000674435
5.25488e-10	0.000644038
5.25821e-10	0.000614408
5.26154e-10	0.00058553
5.26488e-10	0.000557394
5.26821e-10	0.000529986
5.27155e-10	0.000503294
5.27488e-10	0.000477306
5.27822e-10	0.000452009
5.28155e-10	0.000427392
5.28488e-10	0.000403442
5.28822e-10	0.000380148
5.29155e-10	0.000357497
5.29489e-10	0.000335479
5.29822e-10	0.000314081
5.30156e-10	0.000293293
5.30489e-10	0.000273102
5.30822e-10	0.000253497
5.31156e-10	0.000234468
5.31489e-10	0.000216003
5.31823e-10	0.000198092
5.32156e-10	0.000180723
5.3249e-10	0.000163886
5.32823e-10	0.000147571
5.33156e-10	0.000131766
5.3349e-10	0.000116462
5.33823e-10	0.000101649
5.34157e-10	8.73153e-05
5.3449e-10	7.34523e-05
5.34824e-10	6.00497e-05
5.35157e-10	4.70978e-05
5.3549e-10	3.4587e-05
5.35824e-10	2.25079e-05
5.36157e-10	1.08511e-05
5.36491e-10	-3.92785e-07
5.36824e-10	-1.12327e-05
5.37158e-10	-2.16777e-05
5.37491e-10	-3.17368e-05
5.37824e-10	-4.14185e-05
5.38158e-10	-5.07316e-05
5.38491e-10	-5.96845e-05
5.38825e-10	-6.82857e-05
5.39158e-10	-7.65434e-05
5.39492e-10	-8.44658e-05
5.39825e-10	-9.20608e-05
5.40158e-10	-9.93364e-05
5.40492e-10	-0.0001063
5.40825e-10	-0.00011296
5.41159e-10	-0.000119324
5.41492e-10	-0.000125399
5.41826e-10	-0.000131191
5.42159e-10	-0.00013671
5.42493e-10	-0.000141961
5.42826e-10	-0.000146951
5.43159e-10	-0.000151688
5.43493e-10	-0.000156177
5.43826e-10	-0.000160427
5.4416e-10	-0.000164442
5.44493e-10	-0.000168231
5.44827e-10	-0.000171797
5.4516e-10	-0.000175149
5.45493e-10	-0.000178292
5.45827e-10	-0.000181232
5.4616e-10	-0.000183974
5.46494e-10	-0.000186525
5.46827e-10	-0.000188891
5.47161e-10	-0.000191075
5.47494e-10	-0.000193085
5.47827e-10	-0.000194925
5.48161e-10	-0.0001966
5.48494e-10	-0.000198117
5.48828e-10	-0.000199478
5.49161e-10	-0.00020069
5.49495e-10	-0.000201758
5.49828e-10	-0.000202685
5.50161e-10	-0.000203477
5.50495e-10	-0.000204138
5.50828e-10	-0.000204672
5.51162e-10	-0.000205084
5.51495e-10	-0.000205379
5.51829e-10	-0.000205559
5.52162e-10	-0.00020563
5.52495e-10	-0.000205594
5.52829e-10	-0.000205457
5.53162e-10	-0.000205221
5.53496e-10	-0.000204891
5.53829e-10	-0.00020447
5.54163e-10	-0.000203962
5.54496e-10	-0.000203369
5.54829e-10	-0.000202696
5.55163e-10	-0.000201946
5.55496e-10	-0.000201122
5.5583e-10	-0.000200226
5.56163e-10	-0.000199263
5.56497e-10	-0.000198235
5.5683e-10	-0.000197145
5.57163e-10	-0.000195995
5.57497e-10	-0.00019479
5.5783e-10	-0.00019353
5.58164e-10	-0.000192219
5.58497e-10	-0.00019086
5.58831e-10	-0.000189454
5.59164e-10	-0.000188005
5.59498e-10	-0.000186515
5.59831e-10	-0.000184985
5.60164e-10	-0.000183419
5.60498e-10	-0.000181818
5.60831e-10	-0.000180184
5.61165e-10	-0.00017852
5.61498e-10	-0.000176827
5.61832e-10	-0.000175108
5.62165e-10	-0.000173364
5.62498e-10	-0.000171597
5.62832e-10	-0.000169809
5.63165e-10	-0.000168001
5.63499e-10	-0.000166176
5.63832e-10	-0.000164334
5.64166e-10	-0.000162478
5.64499e-10	-0.000160609
5.64832e-10	-0.000158728
5.65166e-10	-0.000156836
5.65499e-10	-0.000154936
5.65833e-10	-0.000153028
5.66166e-10	-0.000151114
5.665e-10	-0.000149195
5.66833e-10	-0.000147272
5.67166e-10	-0.000145346
5.675e-10	-0.000143419
5.67833e-10	-0.000141491
5.68167e-10	-0.000139564
5.685e-10	-0.000137637
5.68834e-10	-0.000135714
5.69167e-10	-0.000133793
5.695e-10	-0.000131877
5.69834e-10	-0.000129966
5.70167e-10	-0.000128061
5.70501e-10	-0.000126162
5.70834e-10	-0.000124271
5.71168e-10	-0.000122388
5.71501e-10	-0.000120513
5.71834e-10	-0.000118648
5.72168e-10	-0.000116793
5.72501e-10	-0.000114949
5.72835e-10	-0.000113116
